5405	13847
5440	14128
5637	15799
5699	12831
5758	11376
5798	12232
5928	9623
5944	15597
6106	10284
6180	14111
6749	13015
7045	13967
7959	17138
7999	17380
285	11800
357	11342
421	13975
468	13446
571	11384
737	12101
738	12656
848	14055
907	15815
951	12962
954	16083
973	13760
1018	12708
1059	11138
1285	14800
1409	14281
1555	15332
1632	14585
1656	11062
1917	16017
1964	12923
1966	12140
2121	11780
2169	13839
2181	13154
2183	11918
2194	12819
2258	12583
2291	15087
2303	11042
2335	12143
2353	13006
2391	14676
2447	15290
2544	14942
2559	13654
2680	13478
2807	14423
3050	15523
3243	10909
3404	12385
3422	10751
3520	10757
3652	11747
3664	14047
3860	16160
3910	11684
3958	10578
3988	13281
4016	11007
4033	15251
4055	13225
4067	14105
4092	14841
4094	12379
4133	14699
4178	12275
4211	13327
4231	14919
4283	11974
4372	11587
4457	15294
4489	14790
4523	10859
4767	9873
4786	12858
4873	10026
4876	16635
4917	12146
5006	11496
5030	10750
5034	12861
5068	14722
5088	13064
5105	12383
5135	11890
5183	13138
5206	11263
5574	16392
5677	10159
5782	12598
5826	12365
5958	12984
5967	12850
5978	11591
6150	10067
6153	11034
6359	10504
6375	10798
6490	11723
6573	12226
6615	12436
6650	12577
6702	12798
6703	12800
6714	12883
6783	13159
7198	14360
7395	14806
8155	16463
8078	16556
8360	17254
8081	17569
209	13251
564	14769
567	12064
570	12910
585	13337
630	10557
670	13038
766	16633
790	13027
889	15464
910	13866
1096	13806
1133	13567
1256	9812
1273	12775
1390	16113
1394	11540
1506	10742
1536	12610
1641	16272
1744	13799
1874	14299
1890	13109
2052	14037
2069	14165
2139	14401
2190	14525
2191	12011
2269	12843
2341	11571
2349	12686
2362	14406
2364	11309
2382	11828
2396	11739
2425	11423
2506	13214
2557	14596
2560	13414
2601	17285
2689	10836
2851	15007
2862	15668
2900	13297
2914	12719
2955	13424
3029	15288
3052	10447
3065	11313
3068	12707
3093	11334
3098	15060
3127	11868
3156	14651
3176	12812
3183	14397
3265	13412
3306	13244
3310	12180
3428	12215
3437	11381
3493	11605
3523	13385
3554	12094
3618	13169
3714	14601
3727	14944
3820	10567
3826	15501
3839	13611
3926	12791
4088	9872
4171	14337
4200	14884
4212	12587
4219	14364
4222	12388
4268	15957
4301	11617
4304	9896
4370	10089
4434	16776
4449	14276
4472	11430
4477	12260
4498	13825
4506	11621
4541	15820
4588	10390
4618	10126
4644	11821
4674	11720
4787	11261
4847	14864
4997	14974
5235	14923
5236	12480
5261	12169
5289	14725
5457	14385
5499	15770
5521	13243
5587	15010
5605	13318
5680	16568
5765	10749
5954	11502
5972	13545
6046	10157
6123	13054
6132	14546
6141	15716
6148	14565
6156	13837
6191	13314
6213	14293
6297	13203
6424	11301
6492	11731
6633	12508
6855	13395
6903	13561
7096	14072
7175	14303
7347	14696
7560	15132
7562	15136
7956	17041
338	11690
721	15144
725	14074
895	10195
1082	11711
1084	14002
1257	12965
1301	13722
1326	10682
1340	15616
1366	12159
1489	9542
1501	12612
1513	10830
1624	14598
1837	13186
1846	13398
1962	14003
2017	13080
2024	15811
2046	11349
2065	12697
2074	15802
2133	11195
2165	12429
2231	11902
2322	11495
2413	10870
2458	13641
2476	10659
2520	14482
2528	14668
2575	15771
2586	15946
2623	13783
2725	14370
2738	15985
2795	12346
2801	14216
2806	17098
2833	12647
2865	11596
2867	11681
2883	14719
3054	14607
3061	17232
3135	14429
3173	14001
3188	15125
3193	14869
3217	14639
3258	12773
3325	10759
3340	14615
3342	14603
3391	12271
3488	15595
3525	15347
3563	13865
3628	13917
3635	15761
3655	15675
3670	11453
3689	10840
3710	12017
3720	14434
3726	11873
3817	13045
3857	15392
3891	14142
3921	11990
3972	12578
4115	15714
4250	11820
4296	12660
4308	15708
4365	12816
4400	12796
4401	15289
4402	13322
4410	13164
4429	14311
4443	12602
4640	14822
4664	11859
4682	14957
4707	12828
4853	15794
4879	9981
4887	16299
4918	12195
4934	13467
4938	13144
4979	12392
5050	11470
5065	14153
5085	14275
5086	14292
5100	12882
5201	14972
5222	11726
5247	13566
5285	10995
5303	11091
5306	14108
5333	11773
5350	16069
5415	10903
5469	18067
5628	14703
5773	17109
5779	11819
5853	16423
5857	12339
5919	11725
6013	10012
6333	10225
6443	11420
6555	12135
6634	12509
6708	12838
6721	12907
6823	13304
6833	13325
6956	13705
7104	14096
7393	14804
7417	14854
7544	15107
7809	15635
7928	15874
8065	17595
8118	17870
8122	17797
482	13381
623	13347
676	11882
749	12877
1009	10622
1138	11816
1242	10282
1287	12978
1566	13610
1677	16917
1752	13933
1787	14586
1860	16289
1862	12701
1888	16669
1944	14971
1955	13918
2015	10442
2016	12315
2173	10828
2211	13097
2261	13785
2355	14301
2360	14231
2390	11466
2490	10191
2523	17747
2699	12524
2711	12453
2760	10316
2790	14075
2813	13001
2843	13017
2887	12642
2905	13364
2909	12056
2943	10312
2958	13727
3020	16707
3023	14700
3059	15450
3086	15593
3152	15978
3184	17103
3215	11500
3238	12637
3279	14760
3284	15692
3314	15552
3331	12876
3357	10999
3417	11846
3460	11897
3473	16899
3482	17937
3544	16236
3609	14174
3795	12874
3806	17609
3837	13066
3864	12998
3884	14773
3901	14812
3943	10500
3954	15897
3987	11394
4023	10027
4085	14588
4097	14430
4103	13170
4122	15156
4203	12958
4206	14551
4210	10845
4215	12406
4240	14428
4241	14056
4278	13086
4346	13250
4428	13709
4460	15274
4487	15582
4559	12007
4563	11972
4566	15387
4592	14191
4593	16015
4623	13679
4635	15837
4651	11412
4666	13213
4669	13433
4686	10383
4715	13488
4719	14320
4821	15047
4826	11963
4923	10513
4939	10754
4957	10855
5001	13258
5033	13556
5041	11487
5071	17632
5097	15335
5145	12123
5163	10568
5189	10881
5213	11817
5295	14845
5417	12847
5443	13842
5464	13496
5491	14342
5609	12830
5616	16790
5686	13770
5712	13114
5733	12912
5783	11508
5810	13829
5990	13736
6084	16387
6162	15134
6210	14158
6222	15261
6239	10358
6254	14729
6328	10162
6459	11547
6496	11775
6522	11940
6557	12150
6571	12219
6616	12437
6640	12525
6662	12639
6690	12746
6754	13037
6893	13546
6984	13791
7164	14277
7172	14296
7239	14460
7665	15342
7929	16505
8257	16907
7989	16985
8029	17571
8165	17525
447	12948
463	16540
802	14572
997	15256
1022	16614
1131	12547
1148	11743
1168	11196
1178	11325
1223	15150
1353	12622
1414	10461
1441	13907
1537	10977
1618	15377
1646	15337
1696	15941
1705	12507
1716	13349
1758	14663
1796	13025
1808	12936
1857	10898
1889	15253
1930	13840
1968	13269
2044	13501
2119	16302
2146	13663
2244	15407
2268	15421
2331	11441
2370	17493
2441	15497
2464	12386
2473	14619
2479	13938
2482	15510
2483	10310
2524	13797
2555	15137
2558	12539
2562	16092
2581	14890
2631	13387
2666	14530
2669	11131
2707	15532
2730	12479
2775	14892
2782	12212
2783	13957
2792	14909
2796	13619
2857	13708
2902	15454
2925	11045
2933	10857
2987	14856
3035	14116
3048	13063
3067	16586
3100	11447
3107	9886
3168	13499
3194	15043
3220	13996
3272	14450
3273	14213
3317	13807
3352	13824
3360	13253
3372	13332
3415	13720
3491	16638
3573	12885
3589	12185
3634	10592
3686	10204
3691	15639
3713	11629
3724	15396
3767	13626
3845	15033
3885	13096
3947	14451
4000	15004
4064	13627
4121	16823
4156	14358
4191	11253
4285	13008
4300	15109
4307	15908
4334	14195
4342	11267
4374	13079
4375	14952
4394	11388
4462	14331
4478	13182
4485	10477
4514	16851
4518	15235
4570	13526
4600	12252
4605	17702
4619	13168
4629	13249
4633	14768
4645	14788
4652	12447
4668	14907
4688	15365
4725	14202
4813	11730
4844	15743
4904	15551
4905	12940
4916	13677
5005	10036
5014	11413
5040	15823
5139	14343
5178	11364
5185	17188
5202	13328
5245	17688
5307	14597
5397	15798
5400	12321
5687	12076
5780	15477
5796	14170
5935	12449
5948	13542
5960	12576
5986	13480
6085	13193
6159	11321
6198	11785
6330	10168
6383	10865
6497	11784
6609	12416
6612	12426
6747	13002
6752	13030
6801	13212
6811	13260
6846	13368
6864	13420
6915	13591
6941	13668
7042	13955
7052	13980
7057	13989
7060	13995
7245	14478
7276	14550
7408	14837
7578	15169
7592	15202
7793	15604
8551	16398
8020	16649
8012	18217
8018	17920
8053	17522
24	11270
398	15621
496	11608
525	13932
788	15579
823	12310
874	15516
1123	11844
1177	10261
1318	14161
1336	13230
1548	12475
1616	17715
1644	13072
1691	13011
1734	10822
1737	14200
1788	12851
1803	15483
1804	15088
1879	13009
1996	17273
2005	13198
2037	18744
2049	14187
2138	15865
2156	14189
2160	12089
2404	17888
2424	10215
2455	17491
2478	11699
2496	13133
2508	13415
2676	9703
2757	13618
2772	14516
2781	16425
2803	13111
2903	12389
2911	14511
2938	15568
2948	15958
3070	14917
3105	13828
3147	12763
3150	14246
3198	17667
3224	15455
3287	15530
3313	11961
3327	16453
3329	15194
3370	10939
3394	13716
3395	17091
3448	13126
3481	12350
3504	14731
3610	14411
3771	14505
3816	14097
3859	10486
3863	10848
3922	12208
3941	13374
3969	14017
3973	12441
3979	14175
4018	13407
4031	15103
4059	12206
4068	13279
4141	11314
4165	15178
4199	13695
4235	11352
4247	14502
4257	13428
4303	10879
4338	12685
4355	17299
4358	12247
4361	15586
4387	17201
4390	16284
4412	16422
4419	12784
4454	16495
4459	14966
4467	11505
4473	14062
4494	14447
4663	12890
4670	11769
4702	12500
4713	16656
4741	14198
4746	14472
4758	15499
4797	15833
4815	18050
4854	15009
4899	13390
4991	15718
5024	12668
5073	11831
5101	14533
5129	13707
5148	14784
5224	13255
5294	13687
5325	12848
5334	18140
5346	10915
5355	10406
5418	10676
5489	15543
5503	14254
5532	11665
5603	13906
5631	14657
5666	11958
5667	14415
5674	14005
5682	13095
5702	14824
5768	11593
5777	15076
5778	17521
5792	14745
5809	12780
5918	12758
5929	12179
5930	13262
5941	15987
5950	14708
5955	17973
5963	14247
5987	12435
6012	14592
6033	14327
6112	14127
6118	12080
6140	12016
6177	12258
6188	14224
6195	10658
6196	14915
6202	13515
6231	17155
6430	11348
6457	11511
6535	11999
6629	12494
6646	12544
6680	12709
6684	12733
6744	12996
6793	13190
6795	13195
6824	13308
6860	13405
6873	13459
6977	13776
7046	13968
7241	14467
7261	14522
7377	14776
7468	14945
7608	15231
7640	15293
7647	15305
7869	15756
8763	15921
8903	15932
8051	16005
8001	16375
8673	16937
8014	17654
8196	17623
8296	18051
8437	17829
28	13044
47	14509
73	14381
80	12422
381	14855
659	14244
663	13397
847	15011
975	13615
980	16224
1005	14465
1014	12396
1033	15617
1039	13890
1103	13233
1240	15400
1247	14662
1272	14778
1395	16451
1482	15068
1546	15397
1607	14339
1659	11827
1666	13461
1687	13268
1767	15349
1844	12284
1870	15693
1877	15442
1916	15248
1931	17881
1935	11419
2002	15423
2064	16579
2083	11836
2199	15040
2201	12061
2220	14711
2264	17197
2309	14832
2485	16306
2553	14178
2574	14106
2612	11291
2620	15596
2625	12031
2692	11643
2703	12414
2716	13389
2754	14139
2767	16640
2788	16213
2797	14750
2799	16528
2809	11427
2839	14372
2858	13123
2861	14051
2951	14205
3038	14023
3041	12808
3062	15237
3121	14779
3154	16363
3172	10013
3222	11776
3256	16099
3267	16442
3280	17258
3338	11521
3383	11644
3429	15910
3483	16685
3524	14082
3534	11320
3536	13172
3542	11716
3568	9961
3593	11944
3599	9901
3613	12411
3681	10788
3760	12749
3775	17676
3777	13342
3780	13926
3784	10921
3786	13427
3787	15522
3911	13592
3949	16311
3975	15792
3978	14620
4001	12438
4009	14369
4035	11957
4048	12619
4062	16912
4074	15469
4082	11076
4089	15511
4125	11328
4160	12467
4230	14486
4287	14714
4325	12186
4333	12323
4351	12487
4382	16626
4414	11685
4453	11861
4480	11575
4546	16178
4573	16961
4575	14251
4590	15775
4606	10978
4638	13452
4672	10173
4689	14826
4701	13927
4724	12394
4738	10809
4747	12691
4776	12535
4783	14983
4805	10589
4822	15715
4828	13984
4894	15046
4911	14575
4935	18049
5016	14054
5032	10685
5038	16773
5055	15876
5060	15354
5114	15244
5207	12901
5215	14454
5221	13413
5262	14707
5284	15765
5356	14833
5371	13089
5377	12054
5445	14564
5477	13092
5494	12550
5500	14508
5526	12854
5538	11709
5544	14960
5567	13613
5584	12724
5635	13236
5671	15181
5684	12537
5690	11750
5703	10408
5715	12845
5720	12725
5725	14386
5726	14817
5753	14899
5761	15000
5771	14632
5775	14988
5790	16149
5816	13656
5823	12748
5840	14532
5883	15311
5892	16355
5897	13959
5915	15962
5966	11910
5976	12501
5993	11308
6042	13954
6051	16672
6070	16439
6100	14893
6139	18332
6203	14135
6261	14118
6279	13564
6342	10368
6363	10582
6524	11951
6564	12174
6627	12491
6655	12615
6664	12644
6670	12667
6717	12896
6767	13107
6851	13378
6853	13388
6897	13553
6970	13748
6972	13751
7053	13981
7055	13985
7058	13992
7085	14050
7135	14180
7188	14329
7219	14416
7221	14421
7262	14524
7373	14763
7384	14789
7403	14829
7453	14920
7516	15057
7575	15165
7713	15431
7742	15500
8229	16866
8475	16919
8205	17247
8204	17259
8034	17537
8077	18281
8213	17505
8453	17946
792	12692
887	13266
893	15232
944	10924
1188	11980
1202	16327
1305	13639
1372	12595
1401	13749
1452	14578
1595	12458
1690	15819
1699	13773
1707	17309
1738	12662
1800	15707
1836	11368
1853	13540
1886	15361
1928	15676
1960	16665
2001	18404
2053	14640
2152	13759
2208	15189
2219	12739
2225	13982
2230	11421
2243	16742
2292	15519
2301	14652
2350	13539
2363	16061
2444	10894
2471	14987
2514	16119
2518	14811
2565	14978
2571	11317
2576	12735
2588	15838
2598	14561
2605	15095
2696	11140
2705	16989
2736	10544
2761	14849
2766	12454
2785	15466
2810	17998
2825	13380
2846	12590
2912	14490
2921	13973
2944	13884
2956	17527
2968	12216
2993	11358
3022	16130
3055	14688
3119	11435
3160	17643
3169	12588
3187	10784
3192	15938
3203	15562
3205	14765
3221	12517
3237	12041
3248	11915
3264	11599
3278	11782
3296	14204
3309	17792
3335	16410
3345	11964
3349	12184
3420	12083
3443	17393
3539	12761
3562	10693
3569	14417
3570	13032
3633	11766
3660	11537
3667	14218
3680	15324
3684	17192
3706	14642
3723	14969
3730	12627
3732	15343
3804	15554
3819	13650
3829	15615
3868	14996
3877	13053
3909	12415
3929	15287
3933	11982
3938	14269
3959	13771
3971	15005
4012	13965
4028	17062
4038	14461
4040	14861
4069	17799
4083	14267
4149	15018
4154	14794
4159	18493
4209	17179
4218	13684
4239	15034
4256	14452
4305	12014
4398	13469
4413	12091
4432	15659
4458	10064
4532	12859
4536	11546
4544	14618
4549	16488
4551	15451
4567	14771
4621	15472
4696	9649
4766	14392
4800	16695
4823	13082
4857	15570
4896	12112
4963	13669
4973	14767
5002	12702
5036	15758
5058	11494
5093	13781
5115	15829
5123	16097
5204	16820
5220	15410
5229	15395
5230	14382
5244	12985
5260	12630
5264	11284
5290	15677
5314	11768
5323	15449
5342	15445
5357	16029
5363	13637
5378	14724
5408	15465
5413	10972
5458	14827
5468	17166
5493	12939
5507	13624
5536	13463
5572	18022
5613	15550
5632	15157
5651	13814
5652	14660
5665	15187
5711	12973
5825	16004
5829	13238
5861	15952
5862	10221
5974	14109
5999	14887
6000	13430
6009	12891
6053	15731
6102	16844
6128	14576
6175	15906
6214	17265
6223	16046
6236	12294
6257	14815
6274	11770
6307	9619
6310	9658
6313	9806
6326	10142
6338	10339
6365	10645
6387	10913
6398	10992
6444	11426
6527	11973
6561	12170
6590	12300
6641	12526
6726	12924
6771	13124
6792	13187
6798	13204
6827	13311
6894	13548
6930	13636
6953	13698
7021	13899
7024	13908
7029	13921
7078	14034
7116	14136
7122	14148
7142	14192
7151	14236
7168	14284
7180	14314
7184	14318
7273	14544
7289	14574
7296	14595
7319	14645
7454	14921
7545	15108
7778	15571
7887	15789
7900	15810
7924	15863
8284	15911
8198	16008
8093	16016
8465	16101
8208	16261
8294	16617
7949	16845
8328	16997
8637	17253
8245	17339
8055	17355
8603	17463
8005	17767
8072	17758
8211	17746
8256	17876
8379	17608
8397	17657
8470	18145
8753	17679
223	16795
353	16045
424	16642
762	12069
801	11975
943	18075
974	15631
1008	12712
1144	10302
1166	15498
1174	14903
1342	13505
1417	15252
1438	14272
1507	15638
1520	10143
1565	14757
1596	15434
1709	17856
1721	17983
1735	13860
1875	16552
1891	13879
1893	12825
1994	14439
2066	14384
2105	12307
2113	11568
2130	11152
2162	10627
2182	14740
2209	16817
2257	12102
2310	12655
2342	13217
2348	16571
2356	16449
2381	17398
2522	13937
2578	13183
2582	15167
2719	15389
2720	13841
2742	13313
2750	15672
2784	13651
2812	14726
2820	16022
2827	13836
2852	11345
2940	14419
2950	14066
2986	17779
3010	16603
3013	13903
3037	15600
3075	13331
3116	14580
3139	15679
3214	18102
3253	16779
3292	11343
3388	15367
3389	17728
3427	11955
3433	18193
3463	17476
3495	15531
3508	16220
3546	11705
3601	11580
3621	17757
3636	15867
3661	14164
3677	14129
3703	15793
3704	16812
3746	12568
3772	13075
3791	11734
3792	12121
3794	18152
3800	13991
3847	10404
3957	13763
4010	11640
4019	13897
4065	13851
4098	15328
4109	14147
4172	15413
4173	13994
4244	11266
4264	16376
4273	14302
4297	16718
4302	10756
4319	15468
4341	15902
4359	16420
4399	15899
4404	16996
4421	16602
4426	16310
4439	13551
4441	15353
4470	16190
4475	15970
4481	15589
4488	15257
4509	16799
4529	14559
4553	12925
4558	10476
4578	16862
4595	12887
4597	10843
4601	15979
4615	10811
4637	12397
4650	17140
4680	13951
4681	13125
4685	12531
4693	14237
4763	14209
4770	14567
4788	12095
4792	10638
4807	13693
4814	10997
4846	13782
4852	13130
4866	12074
4871	17320
4907	14999
4931	10220
4959	15757
4966	16631
4971	15269
4992	14636
4995	12308
5011	12540
5056	15334
5062	16756
5069	12306
5091	13850
5102	13367
5150	13076
5195	11486
5198	13085
5210	15242
5219	10029
5242	14162
5270	15015
5279	16271
5308	10697
5316	12705
5320	13284
5360	12792
5362	12729
5386	15702
5403	14940
5424	13855
5426	14309
5462	14751
5484	15855
5486	12561
5490	14994
5511	13701
5525	18338
5527	15054
5528	11746
5530	11221
5533	14280
5546	15457
5561	16250
5573	16739
5586	15197
5595	15845
5618	10311
5640	15024
5653	12175
5669	13527
5705	15143
5747	11016
5751	14010
5772	13894
5776	10069
5791	15326
5820	17112
5822	15485
5824	13431
5832	11632
5856	16932
5859	17307
5870	15453
5880	15301
5904	9793
5910	15391
5920	17080
5921	15471
5942	10401
5977	13436
5981	11687
5997	16842
6032	12613
6035	13177
6073	10837
6076	10489
6090	10380
6091	17279
6101	12042
6111	14065
6164	13301
6169	12820
6207	15988
6209	18251
6219	13235
6242	10105
6243	10081
6247	13402
6259	13306
6280	12188
6316	9880
6334	10263
6341	10355
6355	10450
6461	11554
6472	11613
6486	11704
6494	11767
6504	11813
6516	11899
6519	11926
6534	11998
6601	12374
6671	12670
6718	12899
6738	12976
6788	13175
6900	13558
6993	13823
7074	14028
7121	14146
7209	14389
7246	14480
7257	14513
7282	14558
7306	14621
7397	14813
7399	14820
7449	14913
7459	14929
7476	14964
7519	15063
7553	15121
7568	15152
7595	15206
7609	15233
7619	15260
7690	15394
7716	15436
7721	15441
7747	15508
7774	15564
7829	15681
7897	15807
7908	15828
7910	15834
8679	15884
8320	15968
8958	16033
8728	16137
7967	16305
8009	16313
8822	16427
8639	16446
8025	16575
9070	16752
8277	16793
8243	16834
7939	16962
8149	17092
9349	17303
7983	17317
8139	17523
8353	18112
8447	18121
8464	17663
8479	17708
8776	17611
8888	18048
9003	17666
146	12009
172	14240
260	14307
457	12369
648	12757
667	12821
780	18518
829	15900
1071	18315
1388	14471
1440	15632
1460	14081
1461	15997
1488	15691
1627	11949
1640	17008
1698	11057
1807	12552
1816	11176
1854	13222
1948	10799
2008	17911
2115	13189
2118	13645
2159	12313
2186	15428
2198	11370
2232	18082
2245	17711
2246	17160
2272	17164
2418	13411
2463	13804
2477	17361
2497	16406
2511	13295
2529	14814
2564	12623
2584	16235
2594	14186
2595	17940
2617	12030
2630	17288
2691	13315
2739	15148
2746	16953
2773	15200
2826	16148
2836	9831
2888	12908
2949	16026
2974	13120
2984	15177
2999	17819
3044	15990
3088	16684
3090	13735
3095	14063
3124	16163
3136	16560
3158	13192
3167	12167
3208	13205
3223	18066
3225	18888
3241	11013
3257	16324
3269	18889
3281	18288
3326	18303
3353	17754
3375	17191
3386	16039
3405	12880
3424	18225
3446	15521
3447	16553
3470	14228
3477	12631
3494	15694
3496	14466
3510	15868
3574	17720
3579	14160
3580	16567
3605	12803
3606	16199
3644	10369
3658	15738
3683	16741
3687	15192
3690	17087
3692	14260
3778	12573
3831	13336
3869	14036
3892	17189
3893	11891
3894	14495
3907	12229
3936	16815
3962	11802
3997	13451
4008	13534
4029	14234
4034	12403
4036	14956
4037	17129
4051	9942
4057	18987
4086	16143
4112	15224
4120	17451
4143	16032
4145	10561
4155	14543
4163	14901
4192	15314
4193	16460
4223	16434
4271	13426
4311	16124
4328	13029
4349	12911
4380	16385
4407	12871
4442	12849
4464	13016
4471	12269
4493	13659
4511	12010
4548	16690
4585	11507
4594	15369
4599	15667
4653	12638
4675	14179
4739	13386
4773	17312
4781	14071
4782	11925
4793	13334
4804	17284
4806	14288
4816	12698
4831	14223
4841	16527
4849	16516
4850	11171
4851	16750
4886	15655
4924	15822
4944	16654
4949	13537
4951	14403
4952	14735
4956	16616
4968	14138
4986	14485
4987	13234
4989	12400
5017	14545
5022	15214
5061	14049
5063	10082
5067	13740
5078	18398
5083	17311
5116	14444
5130	15131
5169	15942
5191	12110
5211	12635
5225	11848
5227	13067
5228	13584
5239	12477
5253	14080
5266	15002
5277	16125
5311	17620
5318	16583
5326	13366
5390	13201
5396	12810
5399	11702
5411	12353
5421	16222
5425	17967
5439	16590
5447	13910
5467	16889
5492	13197
5512	13767
5529	14123
5541	13598
5577	16566
5592	13240
5624	14842
5625	13277
5646	17603
5648	14458
5654	15650
5672	16346
5696	15420
5724	14007
5728	14258
5730	18199
5736	13441
5743	16256
5757	15892
5794	16139
5804	12534
5828	15474
5865	11696
5869	16195
5877	15879
5887	16141
5896	16288
5940	16911
5962	14730
5991	16266
5992	15379
6003	17536
6022	12413
6029	13110
6050	15482
6072	13755
6098	15545
6117	15507
6121	15435
6124	16732
6143	14394
6155	15622
6166	10550
6185	17532
6234	17187
6260	14253
6262	13963
6266	18046
6293	17143
6302	14492
6360	10518
6379	10810
6408	11132
6412	11161
6421	11274
6429	11347
6447	11442
6455	11478
6463	11567
6468	11592
6470	11598
6476	11642
6488	11715
6501	11806
6507	11840
6509	11843
6515	11886
6533	11996
6559	12158
6605	12395
6623	12474
6632	12506
6649	12572
6654	12603
6667	12651
6672	12673
6693	12754
6695	12764
6701	12795
6704	12802
6709	12842
6725	12921
6727	12928
6729	12934
6748	13004
6759	13057
6779	13149
6791	13181
6806	13241
6814	13276
6822	13303
6840	13357
6844	13363
6889	13520
6904	13565
6949	13681
6981	13788
6982	13789
6995	13844
7007	13872
7011	13885
7032	13928
7065	14014
7094	14068
7103	14092
7106	14100
7124	14150
7143	14208
7181	14315
7183	14317
7192	14345
7231	14440
7322	14649
7336	14682
7341	14687
7364	14742
7365	14743
7398	14819
7404	14830
7438	14885
7442	14891
7500	15032
7501	15035
7564	15142
7588	15188
7606	15229
7641	15295
7642	15297
7646	15304
7655	15319
7715	15433
7728	15460
7755	15525
7801	15618
7830	15684
7840	15701
7857	15734
7895	15805
7901	15812
7903	15814
9221	15882
8758	16035
8647	16041
8175	16128
7936	16133
7930	16228
8345	16249
8765	16309
8488	16354
8374	16370
8336	16432
7934	16517
8170	16674
8622	16735
8342	16800
8127	17029
8010	17190
8877	17292
7942	17482
7950	17865
7952	17639
7982	18151
8015	17853
8035	17987
8159	17692
8179	17533
8184	17488
8202	18175
8250	17796
8370	17622
8400	17822
8403	17736
8421	17600
8455	18455
8496	17764
8543	17635
8596	17866
8612	17836
8775	17640
8836	17860
8955	17580
9203	17952
210	16108
311	14973
486	17546
651	17156
764	12211
774	13714
819	16066
877	17250
1000	17567
1053	16831
1058	16300
1143	13900
1181	16977
1430	15199
1512	16247
1514	18550
1554	17803
1611	16279
1694	16064
1868	14499
1932	15848
1942	10636
1980	17696
2020	15190
2021	17899
2051	15769
2111	11217
2141	16521
2153	15534
2326	12266
2386	13585
2428	15478
2460	17902
2542	18672
2548	16691
2550	17681
2596	12006
2599	14658
2613	17125
2629	18205
2687	15649
2697	17268
2712	17199
2724	16871
2743	14436
2828	12769
2859	16338
2871	13525
2873	14008
2916	12317
2923	12869
2952	18477
3021	18440
3056	16132
3073	14168
3102	18341
3117	15976
3157	17264
3195	14163
3201	14294
3228	13987
3260	13997
3271	16627
3283	18132
3288	16700
3336	15686
3359	13509
3371	18419
3385	11096
3432	15611
3469	13406
3486	18211
3511	13881
3555	14077
3572	15308
3578	16984
3581	16006
3586	15646
3641	17043
3653	16264
3659	10994
3675	16541
3700	14650
3705	17235
3707	17582
3738	15059
3751	18202
3779	15118
3818	15653
3848	16843
3872	17282
3889	16437
3908	16601
3925	14523
3930	16848
3985	14646
3989	14211
3996	14514
4020	13448
4058	14354
4060	18328
4070	16314
4073	17890
4104	16226
4110	16010
4114	15860
4118	16294
4162	13103
4166	15386
4174	11583
4181	16468
4182	18513
4207	13248
4220	10717
4225	12357
4226	11953
4233	17126
4246	16167
4255	15721
4270	16562
4279	10763
4330	14487
4353	13489
4371	16873
4373	15963
4378	15801
4417	17050
4431	12867
4461	17468
4468	16706
4520	17178
4521	14562
4527	12669
4534	18279
4543	17440
4580	17332
4609	15776
4616	14194
4625	15209
4642	13719
4658	16648
4691	15576
4700	11741
4704	11071
4705	14336
4708	12966
4714	15345
4726	10655
4728	12977
4754	15977
4785	13920
4796	10632
4798	16394
4808	16484
4840	13738
4863	17665
4874	17574
4882	15925
4893	16698
4906	15843
4921	12164
4946	10743
4948	17139
4953	15705
4970	14290
5003	15272
5026	14464
5054	13391
5057	14221
5080	16470
5092	14706
5108	13218
5122	13264
5143	12917
5166	15173
5168	18653
5170	15183
5171	14748
5193	16476
5197	11931
5223	14925
5226	17905
5233	16915
5263	18508
5281	15835
5282	13562
5345	14635
5359	15993
5367	15836
5382	13576
5404	17033
5414	16009
5456	18120
5481	16347
5501	14594
5513	15262
5535	13596
5551	11416
5575	16255
5578	15021
5583	15401
5590	14474
5591	12366
5604	16059
5610	14357
5643	15368
5657	15852
5697	12045
5704	15064
5708	16677
5709	17963
5713	11563
5731	16225
5741	16712
5756	12586
5767	13261
5784	15196
5785	11962
5786	16364
5787	12862
5805	12217
5808	14753
5851	11807
5854	13049
5858	16828
5874	17200
5878	17158
5913	14955
5914	14977
5917	16827
5943	17116
5953	13625
5956	17958
5965	15099
5971	15164
5973	17242
5988	11009
6006	15614
6045	12783
6061	12471
6082	17392
6093	15786
6104	17047
6136	14185
6172	16055
6190	12894
6208	15327
6218	16383
6248	16570
6255	12593
6258	14672
6264	15113
6271	12829
6273	14321
6281	15748
6306	17637
6318	9909
6343	10370
6348	10389
6356	10459
6369	10712
6384	10866
6391	10937
6396	10975
6401	11056
6410	11154
6411	11155
6426	11318
6434	11359
6462	11562
6479	11664
6487	11707
6510	11852
6517	11900
6540	12047
6563	12172
6570	12210
6588	12296
6592	12314
6606	12407
6608	12409
6614	12430
6638	12519
6639	12522
6647	12557
6653	12594
6659	12628
6669	12663
6673	12675
6678	12696
6682	12714
6692	12751
6696	12765
6710	12853
6711	12855
6712	12866
6722	12909
6742	12993
6751	13024
6760	13059
6768	13113
6773	13132
6781	13156
6817	13283
6820	13296
6821	13299
6838	13346
6845	13365
6869	13438
6877	13475
6884	13503
6938	13661
6954	13703
6983	13790
6990	13815
7003	13861
7016	13891
7026	13912
7066	14016
7072	14025
7132	14173
7133	14176
7153	14241
7156	14256
7166	14282
7179	14313
7186	14324
7196	14353
7222	14422
7232	14443
7235	14453
7240	14463
7251	14497
7268	14536
7278	14554
7290	14577
7299	14606
7301	14610
7308	14624
7310	14629
7311	14630
7314	14637
7323	14653
7351	14705
7358	14723
7366	14747
7372	14762
7388	14797
7392	14803
7415	14850
7424	14866
7461	14931
7488	15001
7489	15006
7491	15016
7492	15019
7512	15052
7531	15084
7548	15114
7582	15179
7583	15180
7593	15204
7628	15276
7634	15282
7652	15315
7658	15322
7675	15366
7692	15399
7700	15411
7718	15438
7724	15446
7749	15513
7772	15561
7779	15573
7811	15640
7838	15699
7842	15704
7843	15706
7861	15742
7874	15767
7909	15831
7920	15858
8045	15922
9165	15964
8186	15982
8492	15999
9057	16052
8967	16074
7965	16078
8428	16098
8882	16156
7992	16161
8751	16162
9450	16173
8097	16197
8720	16205
8743	16223
8368	16246
8513	16292
8781	16315
8249	16337
8706	16360
8377	16391
9240	16395
8096	16409
8390	16443
8571	16489
9376	16534
8117	16632
8786	16634
9108	16660
7947	16704
8994	16721
9375	16730
9236	16821
9079	16898
8760	16908
8295	17073
8480	17117
8538	17195
8090	17202
8784	17206
8178	17365
7998	17552
8033	18008
8060	18429
8150	18409
8163	17766
8167	18000
8168	18459
8246	17774
8276	18165
8287	17659
8319	18228
8326	18103
8384	17680
8394	18161
8460	17781
8476	17840
8499	18226
8527	17868
8620	17661
8634	18190
8678	17554
8788	17496
8826	17616
8861	17827
9156	17884
9399	18242
76	12137
104	13271
107	15317
196	18522
244	15746
465	18274
686	16170
797	16232
811	18977
921	16325
1021	12303
1073	17456
1150	17778
1170	14425
1193	17424
1260	18942
1324	13934
1455	15357
1527	15323
1587	16095
1636	15309
1710	14976
1943	14048
1963	16510
1987	18565
2006	17660
2026	15203
2042	11090
2091	17243
2195	18808
2196	14117
2215	17212
2256	17935
2351	15526
2401	15506
2420	15603
2437	11981
2515	14089
2556	18085
2583	13754
2603	15998
2604	15662
2616	15880
2621	18014
2649	17151
2650	17028
2654	18423
2756	10535
2779	15853
2800	14809
2802	16901
2853	11086
2890	16924
2918	17113
2954	16931
2970	14266
2977	16715
2998	18625
3003	12873
3006	12932
3025	14623
3085	14019
3099	14666
3132	13573
3133	15647
3145	17604
3151	15697
3185	18247
3212	16322
3230	17789
3239	12770
3275	15171
3297	18045
3304	17114
3316	16825
3333	13854
3369	14099
3374	12067
3380	16832
3393	14744
3418	15104
3441	16824
3450	15221
3474	16713
3485	14340
3497	13710
3547	12654
3575	17272
3587	16753
3604	16053
3612	16382
3614	18939
3624	15191
3642	12499
3647	15298
3669	17658
3718	15914
3728	17547
3729	13696
3742	11758
3764	18177
3770	11830
3789	17653
3842	13454
3844	18362
3846	15495
3865	18800
3876	10418
3890	15873
3902	16973
3920	15512
3927	13779
3928	15527
3935	13728
3961	10061
3977	13830
3992	15948
4043	17059
4050	15210
4052	14115
4056	16532
4063	14518
4077	11517
4080	15784
4084	17079
4087	16955
4127	16604
4148	17671
4167	13746
4170	16118
4177	14322
4184	14245
4216	14475
4242	16286
4258	16878
4259	16493
4262	11323
4269	14199
4274	17356
4277	16330
4289	10393
4293	16131
4294	15058
4316	14542
4320	14581
4326	16179
4332	14991
4335	15740
4364	15341
4366	13473
4384	16038
4389	15360
4395	14468
4405	14531
4416	13383
4423	18850
4455	17085
4463	16196
4466	16624
4499	13127
4517	17695
4524	17104
4562	14770
4591	16585
4611	14746
4617	12900
4665	18443
4683	14373
4687	15333
4698	15877
4722	17852
4733	13239
4735	11463
4740	16217
4765	15247
4769	13379
4774	17814
4809	12824
4810	17577
4811	18106
4824	13862
4834	16766
4837	14962
4842	13356
4848	11353
4861	11869
4869	18310
4875	16499
4877	16680
4878	17382
4895	12548
4919	14407
4940	13408
4965	17055
4967	13796
4972	17269
4983	16609
5027	16966
5028	17165
5037	18805
5047	18877
5051	16775
5053	18845
5066	15904
5079	16020
5090	14289
5095	12979
5104	18935
5128	15733
5136	15850
5173	17215
5174	16963
5181	14741
5186	17216
5205	13700
5216	17183
5249	13657
5256	17229
5258	13818
5267	17432
5302	18552
5304	15075
5328	14968
5335	18320
5336	17252
5337	12772
5339	12632
5341	16990
5351	10887
5375	10325
5384	17220
5392	10850
5432	10031
5461	16740
5465	18166
5473	15750
5475	12972
5483	15739
5487	17384
5488	12752
5510	14201
5515	17423
5516	14953
5539	16019
5542	18891
5549	16964
5552	11287
5559	14936
5562	12914
5563	17007
5570	15935
5588	15572
5601	14862
5606	14625
5615	17344
5630	17975
5647	12946
5656	13571
5658	13706
5661	16513
5675	12129
5689	15452
5693	17321
5700	15953
5717	13715
5723	13848
5735	13988
5752	12259
5759	18487
5763	11929
5797	18296
5800	15226
5806	13507
5807	14400
5814	12786
5817	15363
5819	16592
5834	13977
5841	15486
5849	14215
5860	17477
5890	16987
5894	15307
5906	14732
5924	14717
5926	13733
5964	14477
6014	11538
6021	11753
6025	17433
6036	11116
6044	18335
6059	12813
6063	18691
6068	15871
6069	15100
6075	12240
6081	15728
6083	14965
6092	12986
6109	16245
6119	16520
6129	14388
6135	16764
6137	12903
6147	15475
6149	17256
6161	17931
6179	16765
6189	16618
6197	17598
6199	16087
6200	13481
6211	16221
6216	12249
6221	16211
6228	13513
6229	17400
6237	14851
6246	14512
6263	17748
6265	13007
6272	17244
6277	15340
6283	15238
6290	14493
6303	13010
6321	10032
6329	10166
6331	10170
6335	10267
6345	10375
6346	10379
6351	10424
6357	10460
6366	10660
6371	10741
6376	10800
6392	10953
6406	11108
6413	11210
6414	11214
6418	11245
6419	11260
6420	11272
6425	11312
6431	11351
6441	11411
6450	11452
6452	11462
6464	11570
6471	11607
6473	11622
6483	11686
6512	11863
6521	11937
6530	11984
6549	12113
6550	12115
6569	12202
6572	12223
6583	12270
6593	12319
6595	12332
6610	12423
6611	12425
6613	12427
6618	12446
6644	12536
6665	12646
6698	12774
6706	12835
6720	12905
6728	12930
6732	12945
6734	12960
6746	13000
6750	13022
6763	13087
6777	13142
6778	13146
6787	13174
6789	13178
6794	13194
6804	13223
6805	13237
6830	13321
6831	13323
6857	13399
6861	13409
6883	13498
6887	13516
6891	13541
6916	13594
6921	13617
6923	13621
6924	13622
6926	13630
6952	13697
6955	13704
6985	13793
6988	13811
6994	13835
7002	13859
7012	13886
7025	13911
7034	13935
7037	13941
7041	13947
7047	13970
7050	13978
7067	14018
7077	14033
7088	14058
7093	14067
7097	14076
7100	14084
7111	14124
7120	14145
7123	14149
7137	14182
7170	14286
7171	14295
7212	14393
7226	14432
7234	14446
7252	14498
7254	14501
7264	14527
7267	14535
7271	14540
7277	14552
7283	14560
7294	14591
7302	14613
7309	14627
7312	14631
7329	14670
7332	14677
7333	14678
7334	14680
7339	14685
7342	14690
7353	14710
7359	14727
7360	14728
7367	14749
7385	14791
7410	14840
7411	14844
7419	14858
7421	14860
7422	14863
7436	14882
7437	14883
7483	14986
7499	15031
7505	15039
7508	15048
7511	15051
7514	15055
7515	15056
7521	15069
7525	15073
7527	15079
7532	15085
7540	15097
7541	15098
7549	15115
7556	15126
7558	15128
7574	15163
7586	15185
7598	15216
7605	15228
7617	15255
7643	15300
7648	15306
7657	15321
7661	15330
7691	15398
7711	15427
7714	15432
7736	15487
7737	15489
7739	15492
7740	15493
7751	15517
7754	15524
7758	15537
7760	15539
7781	15578
7783	15583
7794	15605
7841	15703
7847	15717
7853	15725
7871	15762
7879	15779
7880	15780
7889	15791
7891	15796
7892	15797
7894	15804
7896	15806
7902	15813
7906	15826
7913	15841
8990	15912
9334	15943
8687	15951
9024	15974
8325	16000
8049	16086
8299	16103
8019	16105
8085	16138
8565	16142
8121	16166
9352	16184
9014	16218
9358	16263
8660	16344
8873	16405
8841	16419
8378	16447
8806	16466
8410	16480
8689	16483
9344	16501
9427	16509
8401	16512
8183	16574
9091	16588
8058	16591
9266	16599
9438	16697
8838	16734
9071	16738
8640	16760
8536	16854
8357	16867
8282	16891
8450	16910
8572	16930
8699	16976
8547	17001
8904	17004
9323	17005
8509	17010
8255	17045
8847	17054
9130	17100
8559	17198
8875	17207
8405	17245
8626	17255
8668	17277
9011	17295
8507	17331
7971	17358
8264	17442
7944	17544
7946	18072
7951	18839
7953	18294
7981	18093
8057	18484
8066	18424
8107	17869
8111	17510
8114	17587
8142	18389
8144	18924
8176	18369
8195	18414
8228	17812
8242	18069
8272	18566
8274	18451
8281	17990
8290	18357
8293	18092
8331	18333
8334	18038
8358	18624
8359	17689
8426	17613
8433	18421
8440	18841
8444	17504
8478	18780
8508	17811
8515	18201
8525	18006
8545	17834
8591	17749
8594	18277
8633	17589
8754	18128
8772	17721
8799	17596
8842	17570
8846	17833
8863	18302
8879	18024
8996	17651
8997	17652
8999	17655
9067	17751
9148	17875
9191	17941
9205	17953
9338	18156
162	13930
560	18525
586	15479
706	17791
713	18316
739	11898
903	17825
940	15901
959	17559
1037	16227
1094	15712
1187	17293
1221	18086
1411	18187
1442	18499
1516	18582
1561	11503
1714	13227
1751	16031
1791	16595
1823	11857
1841	14985
1845	17777
1892	17121
1967	13578
1990	12981
2079	16826
2124	17649
2143	17641
2177	17479
2368	18926
2375	17194
2388	15364
2393	17081
2411	18970
2470	16896
2499	14825
2637	15606
2640	11577
2657	16326
2660	17592
2731	18227
2734	18854
2805	17036
2816	12153
2821	18783
2877	17630
2893	13457
2979	18958
2989	14810
3011	18779
3042	16492
3149	13158
3181	14992
3189	15726
3202	15752
3231	18910
3234	13662
3240	16198
3251	16090
3259	13550
3320	14220
3398	17236
3445	16888
3467	14355
3472	17127
3519	16316
3584	18042
3617	16543
3626	18444
3638	16859
3640	16109
3648	17957
3651	18290
3671	17528
3682	16802
3685	14993
3716	18981
3743	17421
3748	18098
3765	15894
3793	14669
3805	14418
3812	14087
3823	17617
3825	11506
3833	14712
3840	18237
3866	15895
3875	18562
3896	15480
3915	14908
3918	18965
3924	18551
3984	17850
3994	14739
4049	15382
4117	14758
4152	12715
4190	18795
4252	17867
4272	15846
4286	13904
4291	16710
4323	13712
4336	14413
4345	14589
4350	16068
4386	17347
4415	18154
4430	12442
4444	14590
4469	17408
4491	18394
4495	16040
4501	16183
4504	17141
4516	18932
4526	18824
4530	16058
4545	15575
4560	12959
4581	19045
4603	15490
4622	17601
4641	16856
4673	13882
4679	18110
4690	15025
4737	16291
4742	16744
4757	15096
4790	13232
4794	15430
4799	12569
4818	17462
4859	18681
4860	12759
4880	16269
4884	16551
4888	16941
4890	14504
4897	11315
4903	18179
4913	15299
4927	18874
4928	14928
4941	16686
4955	16253
4969	17016
4984	18292
4985	18738
4993	14102
5008	17319
5015	16892
5021	18306
5070	16675
5077	16582
5103	14704
5106	14871
5107	16507
5117	10656
5126	18470
5127	15830
5134	18005
5155	17030
5164	15587
5167	19020
5180	15074
5182	18329
5187	14334
5196	12116
5214	16368
5232	18360
5237	16506
5246	13666
5252	16396
5254	16397
5269	10015
5280	17009
5283	18088
5291	15212
5296	18754
5317	17040
5319	18280
5332	16374
5344	18814
5372	18181
5380	14305
5387	13976
5389	18432
5395	14238
5402	13051
5410	16400
5438	15818
5455	18220
5459	13425
5471	18192
5482	13786
5485	18222
5505	13952
5506	13870
5519	16818
5545	12352
5555	16147
5564	18821
5569	15996
5579	14069
5599	15239
5600	17763
5602	12272
5607	17625
5614	12084
5620	14835
5621	16861
5639	16188
5641	15864
5642	18081
5645	14896
5655	17955
5663	14934
5664	18945
5673	17443
5679	18875
5683	18278
5688	18809
5692	16651
5698	10752
5701	13512
5738	17115
5739	15821
5744	17788
5754	16809
5769	16168
5770	13690
5788	16797
5802	14721
5818	15594
5830	13472
5845	13165
5846	14895
5848	14310
5852	15624
5855	16948
5866	16159
5867	14818
5868	17683
5875	15939
5876	14125
5881	15710
5901	16341
5905	17068
5907	17722
5909	16719
5939	17377
5945	16079
5946	15824
5947	16653
5968	15536
5989	12286
6018	16628
6023	17076
6024	16886
6038	16893
6039	17919
6041	18133
6047	15529
6052	17246
6054	17662
6057	16418
6066	14093
6088	13070
6089	17839
6103	16275
6105	17395
6108	15106
6110	11472
6114	17342
6131	15992
6134	18979
6151	14104
6160	16421
6167	17359
6205	14981
6225	15470
6227	15496
6230	17932
6232	18949
6244	17576
6256	16539
6267	18436
6269	18172
6270	17964
6275	16496
6291	16687
6292	14839
6294	14412
6295	15227
6350	10420
6358	10468
6370	10718
6374	10786
6378	10806
6393	10954
6397	10987
6422	11290
6428	11330
6454	11474
6456	11491
6458	11524
6467	11590
6474	11623
6480	11668
6482	11678
6495	11772
6506	11839
6508	11841
6511	11862
6529	11983
6531	11985
6536	12004
6539	12036
6541	12058
6542	12065
6548	12105
6554	12134
6560	12162
6565	12182
6567	12197
6568	12199
6580	12241
6594	12327
6600	12367
6626	12489
6628	12493
6631	12498
6648	12563
6656	12624
6663	12640
6668	12659
6685	12734
6724	12916
6731	12944
6733	12952
6735	12964
6737	12971
6739	12982
6756	13047
6758	13055
6764	13091
6769	13117
6770	13119
6772	13128
6774	13134
6800	13208
6803	13221
6807	13242
6808	13246
6818	13287
6826	13310
6829	13319
6850	13376
6859	13403
6863	13418
6865	13421
6867	13434
6871	13444
6872	13447
6898	13555
6899	13557
6902	13560
6907	13574
6910	13581
6912	13583
6914	13588
6944	13672
6958	13718
6964	13741
6965	13742
6966	13743
6968	13745
6979	13784
6986	13800
6989	13813
6992	13819
6998	13849
6999	13853
7006	13869
7022	13901
7031	13925
7033	13929
7035	13936
7038	13942
7049	13974
7059	13993
7070	14022
7071	14024
7075	14029
7076	14032
7082	14042
7084	14044
7092	14064
7099	14079
7107	14101
7109	14119
7114	14131
7127	14159
7131	14172
7136	14181
7141	14190
7155	14252
7159	14265
7160	14268
7174	14298
7178	14312
7187	14325
7189	14330
7193	14346
7197	14359
7200	14363
7203	14371
7204	14374
7207	14383
7210	14390
7215	14399
7216	14402
7225	14431
7227	14433
7253	14500
7263	14526
7270	14539
7275	14549
7280	14556
7288	14571
7297	14599
7298	14605
7307	14622
7316	14641
7318	14644
7331	14675
7338	14684
7344	14692
7345	14694
7352	14709
7355	14715
7357	14718
7361	14734
7363	14737
7368	14752
7370	14756
7374	14766
7383	14787
7386	14792
7387	14793
7401	14823
7406	14834
7412	14846
7414	14848
7418	14857
7425	14868
7428	14873
7429	14874
7430	14875
7434	14880
7457	14926
7460	14930
7469	14946
7477	14967
7479	14975
7486	14995
7487	14998
7494	15022
7496	15026
7497	15029
7498	15030
7502	15036
7506	15041
7528	15080
7529	15081
7543	15102
7546	15110
7552	15119
7559	15130
7573	15162
7577	15168
7610	15240
7614	15249
7621	15265
7625	15271
7626	15273
7633	15281
7636	15284
7644	15302
7670	15352
7677	15371
7680	15374
7687	15385
7698	15408
7707	15422
7723	15444
7726	15456
7731	15463
7735	15484
7741	15494
7746	15505
7753	15520
7756	15528
7761	15540
7763	15542
7767	15556
7775	15565
7780	15574
7789	15592
7792	15602
7798	15610
7803	15620
7808	15634
7814	15644
7815	15645
7836	15696
7839	15700
7859	15737
7862	15744
7870	15759
7873	15764
7875	15768
7881	15781
7884	15785
7885	15787
7904	15816
7911	15839
7919	15857
7922	15861
9239	15881
8126	15909
9486	15929
9166	15950
8675	15959
8710	16021
8317	16048
8850	16051
8380	16080
8872	16082
8252	16088
8978	16089
8241	16091
8535	16096
8468	16112
8697	16120
8913	16135
9463	16136
9098	16140
9185	16150
9501	16174
9383	16186
8711	16203
8641	16231
9350	16252
8313	16257
8737	16280
8819	16303
8998	16340
9411	16358
9286	16379
8746	16380
7996	16388
8071	16401
8451	16417
8271	16428
8288	16431
9475	16436
9009	16438
8052	16485
9439	16518
8544	16537
7963	16550
8083	16569
8244	16620
9468	16625
9367	16666
9277	16692
8948	16701
8151	16720
8269	16757
8674	16810
8354	16833
8104	16836
9294	16860
8611	16869
8164	16874
8129	16897
9412	16952
8719	16970
8845	16974
9049	16991
9099	17056
8362	17071
8971	17130
9237	17147
9388	17150
9380	17157
7995	17170
9478	17213
9050	17214
8709	17237
9422	17248
8215	17257
8608	17266
8232	17283
9039	17316
9329	17352
9151	17372
9072	17375
8914	17386
8704	17389
8554	17412
9238	17417
8308	17419
8897	17441
7969	17453
7940	18968
7960	18614
7972	18635
7978	18325
7980	18483
8031	18453
8037	18003
8040	18543
8050	18659
8069	18771
8076	18507
8106	17889
8119	17980
8154	17470
8156	17471
8158	17529
8185	17607
8194	17982
8201	18884
8207	18963
8217	17602
8218	17848
8220	17892
8222	18430
8240	17656
8265	18605
8267	18349
8278	17959
8297	19050
8304	18907
8367	18208
8373	18203
8383	18673
8387	17904
8412	18393
8438	17928
8449	17614
8459	18553
8473	18118
8495	17972
8497	17926
8516	18164
8537	17891
8558	18312
8605	18915
8613	17634
8623	18160
8627	18350
8650	17534
8659	18234
8694	18542
8703	18755
8715	18642
8725	17646
8727	18230
8729	17710
8739	18980
8750	18191
8761	18232
8792	18534
8793	18097
8823	18460
8839	17863
8855	18283
8858	18147
8902	17483
8908	17492
8916	17511
8923	17520
8935	17545
8943	17562
8944	17563
8962	17591
8969	17599
8986	17633
9019	17687
9066	17750
9111	17815
9157	17885
9163	17897
9180	17916
9188	17936
9189	17938
9192	17942
9193	17943
9209	17961
9215	17970
9227	17988
9315	18122
9337	18155
9340	18159
9341	18162
9343	18167
9434	18285
9469	18337
9474	18348
9500	18378
86	16526
134	18243
356	18535
425	17934
439	17787
879	16407
1001	18402
1012	12320
1100	18554
1182	15682
1183	11526
1233	15014
1387	18073
1530	15042
1686	15760
1697	18714
1906	17499
1918	18829
2022	19034
2032	17703
2038	12528
2070	12672
2082	18782
2106	16689
2163	18742
2176	18403
2241	12222
2251	19018
2354	18218
2357	18043
2563	9802
2585	16283
2590	12833
2615	15627
2683	17337
2693	16478
2729	18136
2798	15637
2817	17768
2847	16152
2863	18834
2880	17447
2896	18822
2930	15549
2980	17452
2982	12614
3008	18951
3032	13437
3047	10346
3053	18991
3066	16214
3081	14538
3178	18537
3229	16559
3276	14414
3299	16282
3308	18705
3315	18173
3337	11905
3366	18835
3387	18355
3399	12736
3403	18606
3414	18595
3419	17362
3457	16863
3518	16557
3533	18062
3540	18408
3588	16737
3620	17581
3627	18330
3662	16593
3666	16373
3672	16487
3702	15414
3735	18573
3736	16047
3745	18114
3753	16645
3809	19013
3834	17801
3835	12741
3855	14673
3882	18091
3883	16610
3912	17131
3931	18130
3939	19024
3944	15344
3964	17336
3974	14229
3980	18806
3981	18867
3982	14689
4003	15777
4004	18756
4017	12527
4021	18708
4024	14738
4099	15548
4137	10618
4194	18862
4213	18764
4227	17429
4229	17584
4248	18730
4251	15766
4265	15800
4267	16230
4275	15473
4312	18851
4313	18318
4315	15926
4340	16349
4344	17133
4381	15903
4388	18638
4406	18976
4409	19016
4411	18704
4420	13766
4433	18386
4436	17162
4482	16723
4490	16840
4492	14843
4497	13686
4500	16927
4525	18597
4535	14166
4539	18904
4540	17507
4550	16278
4554	16435
4555	13272
4557	18947
4572	18004
4574	16295
4577	17543
4602	18671
4610	18336
4613	16473
4626	18206
4627	17615
4632	18973
4636	18929
4643	15916
4660	17335
4695	16858
4699	18074
4703	17063
4712	13439
4750	17093
4775	16995
4777	18079
4802	18108
4812	13344
4825	18299
4858	19031
4862	18917
4900	18381
4910	18466
4920	16172
4926	18123
4943	17105
4947	17738
4950	17675
4962	17445
4988	16804
4990	15851
4996	14584
4998	18184
5044	17674
5049	18061
5072	17704
5075	18655
5076	16945
5081	18621
5094	17280
5096	18992
5113	17930
5124	18778
5138	17549
5144	15666
5146	18936
5151	18587
5158	18463
5160	15657
5175	17025
5200	14250
5203	17795
5209	18263
5241	17474
5259	18002
5268	17644
5272	18689
5286	18366
5287	15112
5293	17357
5298	16884
5330	17838
5340	13915
5354	11589
5366	18334
5369	17094
5370	18265
5379	17864
5381	17205
5383	16371
5398	16426
5407	18612
5416	18490
5420	16445
5422	18475
5427	16801
5433	18856
5436	18284
5442	15680
5449	12220
5451	18966
5472	16477
5474	11855
5476	18052
5478	18229
5517	18581
5518	16920
5522	12133
5537	18743
5547	17027
5554	18216
5565	17701
5571	17095
5594	17262
5597	18125
5612	15623
5629	18413
5649	14134
5659	18620
5662	16663
5668	18519
5670	15362
5681	18941
5695	18506
5710	17434
5719	17855
5722	12710
5734	18649
5740	18890
5742	17346
5748	16711
5749	18119
5750	17373
5755	19021
5760	18990
5764	16144
5781	18837
5793	17413
5795	15983
5803	16852
5811	17368
5812	18610
5827	12933
5833	17494
5847	13874
5873	18793
5889	17409
5899	17182
5902	15973
5908	17353
5925	15736
5927	18013
5932	18765
5934	15967
5937	15028
5949	18020
5959	16814
5969	18235
5979	14045
5980	18270
5985	18637
6001	17410
6005	18645
6007	19005
6020	18180
6030	17014
6031	16696
6040	14628
6055	17966
6060	18089
6062	18799
6064	18844
6065	18352
6067	18540
6074	15078
6078	17769
6079	18529
6080	15082
6087	18763
6115	16943
6122	13445
6133	18790
6146	17561
6152	17809
6157	18866
6168	18158
6174	19000
6181	11612
6183	15832
6186	10324
6192	10923
6215	19040
6217	18558
6233	16870
6245	13497
6251	18703
6253	15956
6268	18721
6278	12295
6282	13820
6286	12584
6298	18761
6301	15331
6311	9700
6315	9846
6320	9940
6323	10054
6325	10103
6339	10348
6340	10350
6344	10373
6347	10388
6352	10428
6353	10434
6367	10704
6372	10769
6380	10833
6388	10917
6409	11146
6415	11216
6427	11322
6432	11356
6433	11357
6435	11367
6436	11374
6438	11392
6445	11428
6446	11433
6453	11469
6460	11552
6465	11574
6466	11586
6469	11597
6478	11662
6481	11677
6484	11694
6491	11727
6499	11793
6502	11809
6503	11811
6523	11947
6525	11965
6526	11970
6532	11987
6538	12015
6544	12079
6545	12081
6546	12082
6553	12131
6556	12142
6562	12171
6579	12238
6581	12244
6586	12290
6589	12298
6597	12338
6602	12377
6604	12382
6607	12408
6619	12466
6620	12469
6621	12470
6625	12484
6630	12495
6637	12518
6643	12533
6645	12542
6651	12579
6657	12625
6661	12636
6674	12680
6675	12681
6676	12682
6679	12704
6683	12728
6689	12745
6700	12781
6705	12809
6715	12888
6716	12893
6730	12937
6740	12988
6743	12995
6753	13035
6757	13048
6761	13074
6765	13098
6766	13102
6776	13137
6782	13157
6785	13167
6786	13171
6796	13199
6802	13220
6809	13254
6810	13257
6813	13267
6815	13280
6819	13292
6825	13309
6834	13329
6837	13345
6841	13358
6843	13361
6847	13369
6848	13373
6854	13392
6856	13396
6858	13401
6862	13410
6866	13422
6874	13466
6875	13470
6876	13471
6878	13476
6881	13485
6888	13517
6896	13552
6901	13559
6908	13575
6911	13582
6913	13586
6917	13600
6919	13602
6920	13606
6925	13628
6927	13632
6931	13638
6932	13642
6933	13644
6936	13658
6946	13676
6947	13678
6950	13692
6963	13739
6967	13744
6971	13750
6973	13753
6974	13764
6975	13768
6976	13774
6978	13780
6980	13787
6991	13816
6996	13845
6997	13846
7001	13858
7004	13863
7005	13867
7013	13887
7014	13888
7019	13895
7020	13896
7023	13902
7027	13913
7030	13922
7048	13971
7051	13979
7054	13983
7056	13986
7062	14004
7064	14009
7079	14038
7081	14040
7086	14052
7087	14053
7089	14059
7090	14060
7091	14061
7098	14078
7101	14086
7102	14088
7105	14098
7115	14133
7117	14137
7118	14140
7126	14155
7129	14169
7134	14177
7138	14183
7144	14210
7145	14212
7147	14225
7148	14230
7157	14261
7158	14263
7161	14270
7169	14285
7173	14297
7185	14319
7190	14332
7194	14349
7195	14350
7199	14361
7202	14366
7205	14377
7211	14391
7220	14420
7223	14424
7230	14438
7237	14456
7238	14459
7242	14469
7243	14470
7256	14507
7260	14521
7265	14528
7274	14547
7279	14555
7284	14563
7286	14568
7292	14582
7293	14583
7303	14614
7305	14617
7313	14634
7315	14638
7320	14647
7324	14654
7326	14659
7327	14661
7328	14664
7335	14681
7337	14683
7350	14702
7362	14736
7378	14780
7380	14782
7389	14798
7390	14799
7394	14805
7396	14808
7400	14821
7405	14831
7423	14865
7426	14870
7431	14876
7432	14877
7433	14878
7439	14886
7441	14889
7444	14898
7446	14906
7447	14910
7448	14912
7455	14922
7471	14948
7474	14961
7475	14963
7485	14990
7493	15020
7513	15053
7520	15065
7524	15072
7530	15083
7533	15086
7537	15092
7538	15093
7551	15117
7555	15123
7557	15127
7563	15138
7570	15154
7571	15155
7576	15166
7580	15175
7581	15176
7584	15182
7587	15186
7596	15211
7597	15215
7600	15218
7601	15219
7612	15245
7613	15246
7622	15266
7624	15270
7629	15277
7630	15278
7635	15283
7639	15292
7645	15303
7649	15310
7651	15313
7654	15318
7664	15339
7666	15346
7667	15348
7669	15351
7672	15356
7673	15358
7674	15359
7676	15370
7678	15372
7683	15378
7684	15380
7685	15383
7688	15390
7693	15402
7694	15403
7695	15404
7696	15405
7697	15406
7699	15409
7702	15415
7703	15416
7705	15418
7710	15426
7712	15429
7719	15439
7720	15440
7722	15443
7727	15459
7729	15461
7730	15462
7738	15491
7743	15502
7744	15503
7745	15504
7750	15515
7759	15538
7762	15541
7770	15559
7776	15567
7777	15569
7784	15584
7795	15607
7797	15609
7800	15613
7802	15619
7804	15628
7805	15629
7807	15633
7812	15641
7816	15648
7822	15664
7825	15671
7828	15678
7831	15685
7833	15689
7837	15698
7845	15711
7848	15719
7852	15724
7854	15727
7858	15735
7860	15741
7863	15745
7864	15747
7866	15751
7867	15754
7876	15773
7877	15774
7878	15778
7886	15788
7888	15790
7890	15795
7893	15803
7905	15817
7907	15827
7912	15840
7915	15847
7925	15866
9198	15891
8472	15896
8523	15913
8091	15923
8219	15931
8862	15933
8123	15934
9077	15940
9096	15944
9255	15949
9212	15955
9442	15969
9379	15980
9257	15991
8011	16014
9059	16034
8441	16042
8203	16071
9029	16072
9001	16107
8417	16111
8396	16127
8968	16146
9409	16157
9303	16169
8445	16185
7943	16189
8909	16200
9136	16201
9040	16209
8829	16233
8266	16241
9033	16260
9144	16265
8279	16273
9426	16281
9226	16285
8322	16290
8717	16293
8766	16301
8683	16323
9023	16329
7977	16334
9167	16339
8600	16345
9259	16353
8192	16366
9247	16384
9010	16386
8483	16393
8580	16402
9513	16413
8726	16429
9405	16433
8398	16440
8566	16454
8866	16458
9201	16471
9348	16475
8732	16479
8550	16508
8439	16519
8924	16522
8482	16529
8832	16531
8849	16558
9292	16561
8306	16563
8321	16577
8774	16594
8597	16639
9359	16641
9062	16644
9354	16646
8582	16652
8350	16658
8859	16661
9364	16664
9058	16673
9385	16676
7945	16679
8407	16683
8002	16694
8918	16702
9149	16708
9335	16717
9121	16725
9027	16728
8937	16731
8599	16751
8102	16768
8583	16784
9204	16787
8564	16791
9402	16798
8181	16803
9454	16805
8724	16806
9479	16813
9400	16838
8735	16841
8745	16847
8966	16850
9389	16857
8742	16865
8933	16879
8190	16880
9347	16883
9194	16885
8573	16894
8662	16900
8028	16902
8586	16906
8303	16914
9496	16929
8652	16950
8590	16956
8939	16971
9366	16980
8429	16992
8895	17011
9021	17013
9467	17031
8463	17051
8848	17052
8830	17053
8593	17061
8898	17066
8778	17102
8408	17124
9355	17132
9407	17135
9097	17137
8324	17154
9094	17161
8970	17169
9382	17173
9028	17176
8423	17218
9432	17231
8435	17239
9281	17261
8598	17274
9000	17275
9490	17286
8714	17287
9248	17310
9128	17318
8375	17322
9137	17323
8985	17325
9368	17338
8531	17364
8973	17366
8146	17370
7984	17371
9508	17374
9373	17378
8471	17381
8655	17387
8275	17391
8087	17403
8073	17415
8987	17418
9278	17422
8661	17427
9386	17431
8695	17436
9314	17450
8803	17454
8212	17460
8767	17464
8519	17465
7931	18347
7932	18872
7933	17737
7941	18343
7957	18241
7970	17927
7985	19014
8003	18258
8021	17606
8027	18322
8030	18059
8032	18353
8038	18733
8042	17917
8043	18215
8062	18695
8068	17555
8070	18802
8086	18456
8095	17947
8099	18076
8105	17487
8112	18026
8113	18964
8125	18838
8137	18422
8141	18406
8143	19047
8162	18819
8169	17550
8172	19043
8188	18142
8191	17999
8193	19046
8209	19002
8216	17872
8223	17831
8224	18182
8233	18238
8238	18380
8254	17697
8260	18956
8268	18149
8291	18503
8309	17782
8311	18988
8316	18571
8330	18775
8338	18210
8356	18257
8369	18346
8386	17636
8388	19052
8389	18468
8399	18916
8411	18510
8414	18272
8415	18531
8418	18115
8419	18996
8431	18663
8436	19025
8457	18410
8494	18174
8504	18772
8505	17524
8506	18388
8520	18861
8524	18882
8528	17756
8540	19053
8546	17843
8560	17976
8575	18747
8581	19015
8587	18427
8592	18576
8607	19017
8610	18541
8615	17921
8629	18520
8643	18575
8644	17475
8646	17727
8670	18345
8671	19028
8677	18619
8680	17557
8684	18065
8705	18662
8707	18943
8731	18687
8755	18196
8759	18090
8769	17878
8777	17469
8779	17741
8780	17924
8795	18250
8801	18212
8807	18559
8809	18685
8812	18390
8820	17501
8821	18053
8833	17495
8834	17508
8835	18694
8853	17730
8867	17753
8878	18711
8886	18434
8889	19003
8891	18826
8899	17478
8907	17489
8912	17506
8925	17526
8929	17538
8942	17560
8949	17568
8954	17579
8957	17585
8960	17588
8964	17594
8974	17610
8977	17621
8988	17638
8989	17642
8995	17650
9025	17693
9036	17709
9037	17712
9038	17713
9051	17729
9052	17731
9053	17732
9056	17735
9069	17755
9076	17762
9078	17765
9083	17773
9088	17784
9090	17786
9093	17793
9100	17798
9101	17800
9104	17805
9109	17810
9116	17821
9118	17824
9119	17826
9125	17837
9126	17841
9129	17844
9152	17879
9159	17887
9162	17895
9173	17908
9181	17918
9190	17939
9195	17944
9207	17956
9210	17962
9216	17971
9223	17984
9228	17989
9229	17991
9233	17995
9243	18009
9245	18011
9251	18017
9261	18028
9263	18030
9267	18033
9271	18037
9272	18039
9276	18047
9280	18056
9283	18058
9285	18063
9289	18070
9295	18080
9302	18099
9310	18111
9313	18117
9324	18137
9328	18143
9330	18144
9356	18176
9357	18178
9363	18188
9371	18197
9374	18200
9381	18209
9387	18214
9397	18239
9410	18252
9421	18264
9423	18266
9433	18282
9435	18286
9455	18311
9460	18321
9472	18342
9480	18356
9492	18371
9499	18377
9504	18383
9505	18384
9507	18387
6308	9632
6309	9642
6314	9808
6317	9888
6319	9920
6322	10039
6324	10058
6327	10152
6332	10201
6336	10303
6354	10441
6362	10572
6364	10607
6368	10710
6373	10770
6377	10801
6382	10864
6385	10872
6386	10901
6389	10922
6390	10926
6394	10957
6395	10958
6399	11028
6400	11037
6402	11068
6403	11083
6404	11099
6407	11123
6416	11237
6417	11240
6423	11294
6437	11387
6439	11393
6440	11400
6442	11417
6449	11446
6451	11459
6475	11635
6477	11652
6485	11701
6489	11722
6493	11751
6498	11788
6500	11801
6505	11837
6513	11876
6520	11934
6528	11978
6537	12005
6543	12077
6547	12093
6551	12122
6552	12124
6558	12151
6574	12231
6576	12235
6577	12236
6578	12237
6582	12262
6584	12281
6585	12283
6587	12293
6596	12337
6598	12347
6599	12361
6603	12378
6617	12445
6622	12472
6624	12482
6635	12511
6636	12512
6642	12529
6652	12582
6658	12626
6660	12633
6666	12649
6677	12683
6681	12711
6686	12738
6687	12742
6688	12744
6691	12747
6694	12762
6697	12766
6699	12779
6713	12881
6719	12904
6723	12915
6736	12969
6741	12992
6745	12999
6755	13046
6762	13083
6775	13136
6780	13155
6784	13161
6790	13179
6797	13200
6799	13207
6812	13265
6832	13324
6835	13335
6836	13340
6839	13351
6849	13375
6852	13384
6870	13442
6879	13482
6880	13484
6882	13491
6885	13504
6886	13508
6892	13543
6895	13549
6905	13568
6906	13569
6918	13601
6929	13635
6934	13652
6935	13653
6937	13660
6939	13664
6940	13665
6942	13670
6943	13671
6945	13674
6948	13680
6951	13694
6957	13711
6960	13729
6961	13730
6962	13732
6969	13747
6987	13803
7008	13873
7009	13875
7010	13880
7015	13889
7017	13892
7018	13893
7036	13939
7039	13944
7040	13946
7043	13961
7044	13966
7063	14006
7069	14021
7073	14027
7080	14039
7083	14043
7095	14070
7110	14122
7112	14126
7113	14130
7119	14143
7125	14151
7130	14171
7139	14184
7140	14188
7146	14217
7150	14235
7152	14239
7154	14249
7162	14273
7163	14274
7165	14279
7167	14283
7176	14304
7177	14308
7182	14316
7191	14333
7201	14365
7206	14378
7208	14387
7213	14395
7214	14396
7217	14404
7218	14409
7224	14427
7228	14435
7233	14445
7236	14455
7244	14473
7247	14484
7248	14489
7250	14494
7255	14503
7258	14515
7259	14520
7266	14534
7269	14537
7272	14541
7281	14557
7285	14566
7287	14570
7291	14579
7295	14593
7304	14616
7317	14643
7321	14648
7325	14655
7330	14671
7340	14686
7343	14691
7346	14695
7348	14697
7349	14698
7354	14713
7356	14716
7369	14754
7371	14759
7376	14774
7379	14781
7381	14783
7391	14801
7402	14828
7407	14836
7409	14838
7413	14847
7416	14853
7420	14859
7427	14872
7435	14881
7440	14888
7443	14897
7445	14902
7450	14914
7451	14916
7452	14918
7456	14924
7458	14927
7462	14932
7463	14935
7464	14937
7465	14938
7466	14939
7467	14943
7470	14947
7472	14958
7473	14959
7478	14970
7480	14979
7484	14989
7490	15008
7495	15023
7503	15037
7504	15038
7507	15045
7509	15049
7510	15050
7517	15061
7518	15062
7522	15070
7523	15071
7526	15077
7534	15089
7535	15090
7536	15091
7539	15094
7542	15101
7547	15111
7550	15116
7554	15122
7561	15135
7565	15145
7566	15146
7567	15147
7569	15153
7572	15158
7579	15172
7585	15184
7589	15193
7590	15195
7591	15201
7594	15205
7599	15217
7602	15222
7603	15223
7604	15225
7607	15230
7611	15243
7615	15250
7616	15254
7618	15258
7620	15264
7623	15268
7627	15275
7631	15279
7632	15280
7637	15286
7638	15291
7650	15312
7653	15316
7656	15320
7659	15325
7660	15329
7662	15336
7663	15338
7668	15350
7671	15355
7679	15373
7681	15375
7682	15376
7686	15384
7689	15393
7701	15412
7704	15417
7706	15419
7708	15424
7717	15437
7725	15448
7732	15467
7733	15476
7734	15481
7748	15509
7752	15518
7764	15546
7765	15553
7766	15555
7768	15557
7769	15558
7773	15563
7782	15580
7785	15585
7786	15588
7787	15590
7788	15591
7790	15598
7791	15599
7796	15608
7799	15612
7806	15630
7810	15636
7813	15643
7817	15651
7818	15654
7819	15656
7820	15658
7821	15660
7823	15669
7824	15670
7826	15673
7827	15674
7832	15687
7834	15690
7835	15695
7844	15709
7846	15713
7849	15720
7850	15722
7851	15723
7855	15729
7856	15732
7865	15749
7868	15755
7872	15763
7883	15783
7898	15808
7899	15809
7914	15842
7916	15849
7917	15854
7918	15856
7921	15859
7923	15862
7926	15869
7927	15870
8894	17472
8896	17473
8900	17480
8901	17481
8905	17485
8906	17486
8910	17498
8911	17500
8915	17509
8917	17512
8919	17514
8920	17516
8921	17517
8922	17519
8926	17530
8927	17531
8928	17535
8930	17539
8931	17540
8932	17541
8934	17542
8936	17551
8938	17553
8940	17556
8941	17558
8945	17564
8946	17565
8947	17566
8950	17572
8951	17573
8952	17575
8953	17578
8956	17583
8959	17586
8961	17590
8963	17593
8965	17597
8972	17605
8975	17618
8976	17619
8979	17624
8980	17626
8981	17627
8982	17628
8983	17629
8984	17631
8991	17645
8992	17647
8993	17648
9002	17664
9004	17668
9005	17669
9006	17670
9007	17672
9008	17673
9012	17677
9013	17678
9015	17682
9016	17684
9017	17685
9018	17686
9020	17690
9022	17691
9026	17694
9030	17698
9031	17699
9032	17700
9034	17705
9035	17707
9041	17714
9042	17717
9043	17718
9044	17719
9045	17723
9046	17724
9047	17725
9048	17726
9054	17733
9055	17734
9060	17739
9061	17740
9063	17742
9064	17743
9065	17745
9068	17752
9073	17759
9074	17760
9075	17761
9080	17770
9081	17771
9082	17772
9084	17775
9085	17776
9086	17780
9087	17783
9089	17785
9092	17790
9095	17794
9102	17802
9103	17804
9105	17806
9106	17807
9107	17808
9110	17813
9112	17816
9113	17817
9114	17818
9115	17820
9117	17823
9120	17828
9122	17830
9123	17832
9124	17835
9127	17842
9131	17845
9132	17846
9133	17847
9134	17849
9135	17851
9138	17854
9139	17857
9140	17858
9141	17859
9142	17861
9143	17862
9145	17871
9146	17873
9147	17874
9150	17877
9153	17880
9154	17882
9155	17883
9158	17886
9160	17893
9161	17894
9164	17898
9168	17900
9169	17901
9170	17903
9171	17906
9172	17907
9174	17909
9175	17910
9176	17912
9177	17913
9178	17914
9179	17915
9182	17922
9183	17923
9184	17925
9186	17929
9187	17933
9196	17945
9197	17948
9199	17949
9200	17950
9202	17951
9206	17954
9208	17960
9211	17965
9213	17968
9214	17969
9217	17974
9218	17977
9219	17978
9220	17979
9222	17981
9224	17985
9225	17986
9230	17992
9231	17993
9232	17994
9234	17996
9235	17997
9241	18001
9242	18007
9244	18010
9246	18012
9249	18015
9250	18016
9252	18018
9253	18019
9254	18021
9256	18023
9258	18025
9260	18027
9262	18029
9264	18031
9265	18032
9268	18034
9269	18035
9270	18036
9273	18040
9274	18041
9275	18044
9279	18055
9282	18057
9284	18060
9287	18064
9288	18068
9290	18071
9291	18077
9293	18078
9296	18083
9297	18084
9298	18087
9299	18094
9300	18095
9301	18096
9304	18100
9305	18101
9306	18104
9307	18105
9308	18107
9309	18109
9311	18113
9312	18116
9316	18124
9317	18126
9318	18127
9319	18129
9320	18131
9321	18134
9322	18135
9325	18138
9326	18139
9327	18141
9331	18146
9332	18148
9333	18150
9336	18153
9339	18157
9342	18163
9345	18168
9346	18169
9351	18170
9353	18171
9360	18183
9361	18185
9362	18186
9365	18189
9369	18194
9370	18195
9372	18198
9377	18204
9378	18207
9384	18213
9390	18219
9391	18221
9392	18223
9393	18224
9394	18231
9395	18233
9396	18236
9398	18240
9401	18244
9403	18245
9404	18246
9406	18248
9408	18249
9413	18253
9414	18254
9415	18255
9416	18256
9417	18259
9418	18260
9419	18261
9420	18262
9424	18267
9425	18268
9428	18271
9429	18273
9430	18275
9431	18276
9436	18287
9437	18289
9440	18291
9441	18293
9443	18295
9444	18297
9445	18298
9446	18300
9447	18301
9448	18304
9449	18305
9451	18307
9452	18308
9453	18309
9456	18313
9457	18314
9458	18317
9459	18319
9461	18323
9462	18324
9464	18326
9465	18327
9466	18331
9470	18339
9471	18340
9473	18344
9476	18351
9477	18354
9481	18358
9482	18359
9483	18361
9484	18363
9485	18364
9487	18365
9488	18367
9489	18368
9491	18370
9493	18372
9494	18373
9495	18374
9497	18375
9498	18376
9502	18379
9503	18382
9506	18385
9509	18391
9510	18392
9511	18395
9512	18396
9514	18397
9515	18399
9516	18400
325	9906
720	11744
1311	10897
1974	11638
2014	13916
2080	11180
2333	9699
2962	10381
3862	11053
114	10440
281	10106
661	10906
828	11030
869	11300
1454	10838
1456	9727
1712	11127
2317	10961
976	10426
1141	11620
1549	11303
1571	12481
2981	13101
3619	14095
148	10279
475	10313
1149	10091
1253	11757
1500	12895
1873	10728
3141	9931
913	11525
1004	10361
2415	9780
2644	11175
2976	16621
1152	13589
1309	9667
1689	10188
1702	10651
1717	10819
2004	10004
1044	13143
1419	11403
2089	13699
2276	15665
2318	9848
2663	11114
2679	11969
274	10480
636	12096
809	11378
825	9919
862	10437
1087	11658
1204	10969
1276	12087
1415	10133
1447	10962
1674	9695
2296	11365
2427	12029
2626	9945
118	10744
189	10698
272	10084
880	11656
1384	11000
1605	10001
1619	10611
1639	10637
1720	11044
1722	10283
1855	10453
1993	10141
2178	10251
2340	11187
2417	11796
2735	12299
333	12823
698	12000
789	11732
1056	10112
1238	9575
1544	12280
1567	9640
1869	10462
1901	11584
3796	11319
673	10730
1208	11033
2249	11676
2762	12021
2811	12920
664	10876
858	10571
934	10760
1487	10357
1579	12318
1833	9737
2073	10059
2475	11728
2484	10626
2814	11326
3045	12278
275	13215
376	14900
701	11382
781	10577
1013	11148
1410	9754
1509	11296
1919	10813
2166	11020
2502	10417
4100	10065
4243	11691
490	9534
928	10911
1079	11399
1431	12018
1532	11305
1564	13145
1597	10098
1634	11179
1648	12187
2884	10175
3558	12279
4189	10197
616	9875
985	11081
1078	11094
1262	11250
1462	9899
1519	11019
1769	11559
1798	9720
1822	10695
2212	9659
3254	13071
3739	11695
588	12245
1153	11663
1692	11661
1718	9814
3078	12418
102	11724
911	12967
1122	11901
1195	10516
1615	9822
1733	11877
1755	11106
2144	11718
2187	10661
2406	10227
3358	14112
3421	11489
1292	12066
1444	11932
1457	12214
1681	10094
1759	11950
1947	11451
1981	12072
2149	10613
2501	10594
2517	12421
2713	10780
6922	13620
631	9926
1795	12432
2288	13827
2380	11942
2552	10807
2653	13634
3129	11162
3382	11564
3799	11565
469	12605
521	11468
556	9835
621	9935
700	11514
1105	9755
1248	9685
1344	12875
1761	11885
1809	11344
2395	11389
3679	12024
32	9744
53	10524
361	10775
363	13112
380	10604
1161	10620
1535	11566
1801	10124
1835	11398
2107	12348
2304	10606
2678	12716
2947	14121
3072	10171
3379	12155
9	10217
302	11085
420	10512
1114	11048
1124	10601
1859	10599
1969	11945
2235	10270
2608	10559
3164	11703
5837	11706
56	10382
558	10888
612	11122
641	10586
662	10487
1286	11994
1642	12975
1727	10776
1750	12362
1797	11557
2252	9854
2538	11408
2543	10783
3608	11484
4425	11864
248	10222
741	10623
786	10777
1167	9944
1412	11933
1424	12604
1439	10768
1652	12817
1725	13151
1743	9844
2059	9538
2085	12693
2145	13040
3250	10403
3856	10399
4176	12732
287	11887
747	11483
772	10874
882	10394
1077	10583
1191	10580
1210	11606
1429	12090
1675	12897
1842	11027
1951	11797
2127	12297
2148	11292
3030	13956
3166	14398
4140	11892
163	9967
484	11939
839	11826
894	10805
1261	10910
1386	12922
1746	11035
1861	11787
1970	11460
3400	10960
6	11233
95	10664
403	13196
652	11465
1433	10005
1529	10337
1586	10692
1741	11234
1774	9908
2537	9784
2708	10933
2992	11625
3114	10037
455	12451
824	9992
915	12025
993	13094
1067	13370
1227	11199
1278	12213
1320	12505
2108	9879
2535	10873
2643	12103
3113	10680
3455	11215
3611	12650
6928	13633
691	12301
1038	11022
1116	12788
1244	10551
1695	13419
1789	12268
2722	11164
3112	11014
3649	12755
4778	11916
29	11103
608	12743
1042	11657
1120	10826
1225	12974
1245	13667
1505	10050
1610	12607
1883	11079
1925	10498
1952	9898
2530	11856
2635	10882
2967	11595
3790	10740
4310	10519
5900	10942
867	9999
981	10633
1025	10289
1085	11532
1097	11125
1158	10371
1481	12516
1590	11228
1745	10177
2096	12405
2500	10854
2655	10179
3084	10588
3458	12111
4647	9917
5452	10474
5531	13026
446	12611
489	11248
888	9827
1216	11336
2114	12591
2316	11252
3768	12173
3999	10305
59	12549
485	10530
506	10299
709	13052
1130	10965
1169	10842
1239	13587
1585	11573
1768	10758
1826	11119
2030	12621
2100	12678
2222	10570
2602	10482
3033	13039
3096	12026
3103	9618
680	11339
1057	11512
1283	11166
1756	12225
1805	12141
2440	12309
2665	11200
3036	11913
3438	9523
3873	10781
393	11789
1173	10753
1383	12841
1397	11609
1408	11311
1453	9865
1664	12043
1781	11927
2142	12181
3535	9602
4161	14243
793	13631
942	12514
1035	11149
1255	12104
1357	11092
1547	12688
2217	10912
2446	10457
2684	11626
2906	11810
3291	10629
3514	11634
320	11095
423	12191
531	10793
694	10246
831	10425
1032	11286
1126	10956
1211	10812
1534	11675
1975	13320
2298	11341
2327	10127
2539	10644
2651	13717
2874	11316
3263	13521
3289	11847
3364	10858
3696	12325
241	9712
405	11633
454	10164
697	9989
800	12085
906	13012
998	11870
999	11115
1051	9751
1316	10886
1333	12228
1363	11168
1477	10138
1711	11550
2009	11860
2205	10878
2702	10249
3199	11624
3585	10871
4105	12556
4537	11492
438	11824
494	9825
617	11126
629	10492
1083	12455
1334	10825
1658	11922
1701	11872
2078	10981
2221	10565
2527	9993
2740	10262
2844	10100
3305	13533
283	10096
508	10053
745	13018
750	11519
1338	11498
1445	11536
1924	10423
1949	12703
2109	10941
2224	10944
2412	9743
2878	13061
3027	10984
3755	10213
4096	11128
4188	12777
113	11089
158	11415
837	10508
876	11497
917	12368
989	12075
1229	12807
1270	10884
1601	10979
1614	12558
1623	14207
1770	10167
2028	12465
2135	11340
2263	12834
2384	11971
2462	11688
2727	10678
2747	12450
2842	9641
3226	12787
4263	11636
110	11765
1403	11822
1426	12328
1628	12618
2302	11991
2359	10642
2686	12092
2924	15259
4789	11109
4964	15577
282	11928
295	13502
1655	11779
1824	12648
2077	12846
2204	11137
2568	11936
2780	11065
3046	13353
3206	15067
3466	11894
3849	11680
4836	12580
5446	12767
859	10144
1127	9990
1258	10525
1346	12251
1525	13769
1580	11672
1829	10940
1858	10625
1882	12545
2071	10128
2611	10107
2733	14035
2764	11448
2786	10045
2881	10771
3009	11332
3161	11615
3163	10928
3435	10318
3576	12666
3602	14197
3734	12354
1106	10860
1474	12983
1533	12949
1581	13514
1771	11011
2233	10647
2451	10945
2454	10277
2726	13084
2794	9582
3069	12520
3390	13333
4071	10600
4721	11648
5132	11708
141	9965
303	12218
451	10140
504	13068
856	11001
996	12196
1322	10877
1365	10797
1484	10889
1497	13604
1541	15236
1779	11471
2072	11542
2175	10110
2189	11072
2300	11818
2423	11551
2432	12032
2964	10288
3087	10483
3101	14410
3319	12404
3332	11653
3452	11117
3761	12057
3937	15381
4134	12872
4201	10867
4324	12918
4932	13256
5327	12233
5523	11355
919	12046
1019	10360
1034	11396
1060	10576
1212	13291
1376	10554
1521	13252
1817	13530
2039	14157
2102	11763
2161	11475
2330	11804
2352	10904
2966	13275
3016	9978
3182	11952
3917	14786
4833	10609
544	11289
578	12826
658	11490
808	12836
1199	11015
1220	12020
1367	12457
1757	13590
1864	9682
2000	12643
2095	12553
2403	10529
2452	12128
2664	11101
3247	13160
3262	12242
3665	12356
3995	11616
301	10407
579	12205
615	12941
1047	11100
1196	11904
1222	12267
1375	11360
1545	11288
1612	12818
1831	11921
1903	11104
2123	9858
2202	10242
2270	11814
2283	12371
2287	12375
2365	9670
2373	13229
2472	13209
2480	13150
2533	14529
3174	11576
4041	12717
5434	11895
49	10293
365	12098
704	12192
735	11276
783	10187
815	12931
832	9859
916	13990
1377	10327
1637	11006
1657	9786
1851	10458
1995	12564
2519	10765
2645	12372
2728	10669
2855	11147
3322	10330
3378	11874
3549	15170
4396	14506
450	13640
603	12282
759	10521
1041	10673
1055	11523
1062	10183
1307	12138
1625	12448
1830	13607
1849	11002
1920	12027
1937	10964
1998	11509
2058	9863
2112	11761
2192	12886
2242	11018
2361	11671
2387	11143
2466	10640
2494	12285
2864	14462
2929	10093
2945	10891
2971	10946
3051	11865
3153	10265
3528	10689
4486	11582
5043	9968
5550	10223
540	12620
554	10820
984	13852
1086	9960
1315	10257
1621	10129
1815	9584
1843	12078
1936	12608
2036	12139
2151	11112
2214	12459
2443	10868
2453	10721
2488	13868
2503	12161
2721	11194
2763	11543
2819	11878
2931	13078
3148	11088
3303	11948
3521	11833
4147	10619
4261	13440
5888	10264
6249	11755
313	11630
432	12254
795	10044
799	11845
1235	13019
1332	11258
1448	12513
1559	9954
1591	10200
1693	10536
1983	9969
2027	12345
2054	9522
2188	10076
2197	11754
2433	12443
2507	13338
2639	11581
2701	14264
2745	11182
2872	11698
3108	11391
3200	10883
3211	11177
3219	11669
3307	12955
3650	12589
3711	14449
3990	12274
5111	10827
646	10343
666	13191
836	11808
855	12478
1206	10648
1556	11988
1557	12329
1573	9979
1629	11434
1700	13056
1878	12870
2253	14347
2277	11129
2306	13524
2510	12789
2609	15601
2959	11650
2961	12440
3014	11246
3410	13247
3530	12207
3603	13005
3701	9702
3899	11380
4139	14457
5098	13148
5598	12671
6163	12832
13	10989
220	12801
542	11120
746	15241
1088	11736
1370	12013
1379	10558
1470	11647
1583	10063
1972	12464
2057	10817
2174	11520
2248	11604
2315	12575
2459	12664
2492	12616
2547	13362
2652	10463
2718	10824
2919	10925
2985	13231
3017	12023
3155	10523
3506	11455
3532	12125
3643	13647
3953	11879
4582	13393
5617	12331
236	14041
317	12198
349	12265
488	11213
535	10890
587	10573
635	11548
681	11346
1089	10469
1246	10412
1421	14013
1550	9719
1575	13166
1838	12543
2402	11889
2414	15213
2749	12727
2868	11043
2895	12856
2937	12243
3170	10352
3529	13050
3541	11614
3757	13354
7481	14980
143	12399
404	10679
498	10506
632	12585
1180	12288
1435	12203
1510	13423
1523	12532
1665	11749
1682	11637
1911	10472
1913	10049
2084	12393
2125	10405
2134	11838
2266	10136
2286	12002
2308	13843
2389	12292
2516	11883
2641	12417
2897	12723
3091	14326
3134	11786
3461	9849
3462	13528
3821	10285
4126	11038
4779	10501
4936	13595
914	12253
983	13140
1209	17502
1371	10505
1504	10479
1635	10496
1726	12884
2371	13219
2392	11777
2416	12852
2448	12052
2468	12634
2474	10598
2498	10300
2668	11849
2672	13090
2774	10356
2963	11145
3074	15514
3191	12100
3431	10452
3476	13969
3560	10905
3697	9876
4101	11655
4111	13777
4232	11798
4309	12003
5031	11098
5393	13060
6518	11906
566	13544
987	12822
1224	13876
1271	13532
1373	11262
1492	12343
1852	11041
1904	12794
2168	10892
2325	10481
2445	12227
2610	13810
2694	12706
2939	12049
3097	12776
3556	11113
3623	11917
3756	11533
3871	10955
3934	10959
4002	12961
4090	12373
4424	15267
4898	11160
6142	12581
479	12468
493	13278
1155	12008
1165	13289
1236	12250
1269	13477
1306	12304
1341	11553
1369	11692
1508	10456
1604	12490
1740	13298
1898	11909
1907	10253
1909	12444
1927	15012
1953	12538
2122	14476
2262	12687
2319	10345
2409	17518
2435	12277
2493	12570
2634	13162
2704	11995
3019	11923
3034	10328
3080	10120
3120	11183
3180	10467
3246	11405
3266	11735
3503	12987
3559	14376
3583	10185
3905	11935
4011	12344
4119	13608
4945	12452
5082	9708
5218	13675
5409	14600
5534	12947
5882	17744
396	11236
703	11406
820	9816
840	13355
852	14030
941	11219
950	10938
1135	13794
1328	12879
1349	12492
1385	11302
1402	11908
1539	10515
1584	13655
1688	11660
1732	10499
1739	11269
1799	14997
2171	11184
2434	13817
2531	12360
2546	13570
2577	12997
2777	13348
2848	12149
2917	9832
3218	12157
3294	11118
3425	12048
3513	11880
3788	13286
3986	10723
4132	12050
4169	13798
4648	13964
4771	11884
5716	15663
15	12935
87	10666
478	10986
763	14380
1754	9597
1950	9639
2131	12771
2240	10294
2313	14351
2456	10272
2554	12147
2561	14667
2647	13511
2835	12204
2885	14548
3007	10161
3040	11619
3126	12178
3204	10643
3249	11518
3350	10764
3365	10814
3376	14442
3396	10502
3453	13302
3507	14379
3557	14300
3695	11010
3968	12176
4015	11835
4306	13775
4507	11555
5179	12358
5208	13104
5292	10280
5349	13772
6349	10397
188	11667
359	12679
379	13689
805	12088
1098	10702
1203	11198
1241	14426
1503	12661
1542	11896
1654	16767
1704	13822
1719	11531
1828	12782
1867	14517
1923	14954
2275	11588
2294	12551
2321	13909
2400	11201
3232	11073
3346	10439
3527	11729
3774	11212
3782	13453
3798	11812
3993	11594
4027	10635
4221	16258
4376	10711
4607	11956
5463	11476
5636	10208
5864	11445
6575	12234
6959	13723
203	11032
500	10918
669	11756
1230	13188
1251	12434
1254	12355
1428	11310
1570	11242
1608	12239
1753	11449
1979	12163
2140	12476
2164	13350
2223	12596
2280	11251
2284	13316
2312	10422
2366	11409
2369	14341
2436	15772
2495	11051
2540	12560
2751	13108
2838	11791
2856	13020
2904	10021
2915	11133
2991	13224
3004	13450
3082	14569
3285	12694
3290	11066
3298	12929
3301	11047
3368	11997
3434	13495
3459	12039
3471	12541
3498	12055
3721	15003
3722	15027
3813	12462
4014	11256
4164	11366
4360	13270
4403	12860
4408	13808
4533	13802
5365	14091
7375	14772
263	10943
769	10841
952	12370
1091	10075
1146	13180
1288	11912
1290	11522
1295	16523
1298	11979
1350	12726
1820	12419
1897	10211
2025	13153
2193	12473
2346	13960
2347	12486
2398	12401
2430	11281
2461	10980
2624	13757
2778	13417
2822	10681
2854	12126
2922	14894
2960	12857
2994	10216
3012	10131
3049	11329
3255	13116
3344	11482
3355	12565
3967	10510
4026	12461
4153	13185
4196	10354
4292	11209
4352	12799
4483	11919
4552	12488
4684	14795
4710	13131
4744	16332
5582	14612
6178	13547
6707	12837
124	10326
821	11473
868	12391
956	13579
1011	12503
1151	10528
1450	10724
1517	12291
1574	11649
1598	13691
1630	12364
1661	12898
1776	12035
1872	10108
2200	10301
2337	9987
2419	11467
2426	12402
2525	13688
2580	15133
2646	11493
2662	10202
2690	14604
2753	16085
3277	14573
3489	13288
3509	12107
3657	15981
3693	12335
3843	11679
3852	14496
3945	9907
3963	10951
4030	15844
4053	11277
4158	10338
4260	11579
4393	17503
4496	16572
4677	11354
4772	13649
4872	15544
5217	11710
5480	12168
5498	15013
5691	13122
5952	11265
6154	17484
6337	10309
7028	13914
339	10488
708	11124
962	13036
1030	10365
1190	13105
1416	11549
1626	13821
1790	13081
1954	11954
1961	15161
1982	12380
2126	10605
2236	11682
2323	14083
2431	14144
2681	14046
2845	11386
2978	11278
3089	12684
3140	13713
3144	12166
3210	9847
3302	13449
3347	10932
3381	13041
3430	12287
3785	9540
3811	11298
4236	10808
4445	13758
4502	15547
4655	12994
4743	14367
4865	10410
5312	15208
5543	14222
5650	11600
6086	12165
7149	14233
74	15044
278	13778
785	15683
923	12865
1066	11190
1075	14291
1134	11264
1249	11654
1360	11480
1479	10653
1495	12248
1496	13833
1551	13152
1660	12731
1663	11561
1871	12034
1945	16462
1957	14852
2097	12963
2129	14255
2372	12609
2407	11402
2491	13352
2569	11610
2591	14608
2633	14679
2815	15893
2866	12433
2969	12699
3005	14026
3083	13464
3130	14984
3384	14344
3500	15066
3668	13923
3763	10949
3827	11778
3870	12902
3903	12713
3991	11249
4022	11903
4045	14362
4066	16013
4142	13394
4197	13021
4452	11850
4538	11167
4614	11774
5012	10419
5089	16171
5165	14206
5251	10597
5388	13429
6312	9779
7300	14609
94	13609
187	11805
377	14807
605	11241
620	14441
761	13273
988	12597
1112	13603
1172	12261
1314	14481
1317	11790
1355	13294
1526	13326
1577	9634
1592	11067
1662	10308
1763	10470
2010	12980
2013	13073
2033	13972
2063	12571
2092	13838
2155	10431
2179	13999
2234	13305
2285	11815
2374	13135
2465	14271
2638	11271
2823	12190
2928	11670
2973	14348
3137	13493
3177	11527
3465	13572
3479	13831
3505	15566
3594	13465
3639	10701
3645	13343
3719	11186
3749	11832
3923	15139
3948	12387
4075	13506
4204	11279
4295	9798
4628	10514
4662	13330
4731	11070
4958	14193
4976	13761
4980	11257
5177	13173
6361	10527
6816	13282
7382	14785
8089	16106
419	13905
502	14257
654	14227
1280	13121
1420	12827
1603	11069
1813	11911
1997	14306
2019	13878
2237	12768
2290	13949
2299	13494
2334	10831
2358	10684
2487	14693
2572	16145
2593	13940
2636	11458
2723	11556
2732	11907
2793	11534
2829	12485
2830	12120
2831	13088
2899	11454
2997	10970
3018	12230
3028	10899
3076	12793
3186	15141
3312	11602
3552	13599
3654	13685
3673	12071
3708	14262
3940	15661
4013	13834
4266	9684
4290	14802
4377	11528
4465	14012
4657	13945
4716	12118
4748	13184
4839	12183
4909	17612
4912	12276
5084	13458
5141	11794
5412	12351
5435	15447
5441	12316
5893	15174
7068	14020
7128	14167
332	13614
335	12144
388	16036
477	12606
572	12790
656	12951
1027	11268
1029	11254
1197	10400
1277	11102
1308	14132
1345	13898
1396	12504
1647	11401
1703	12943
1775	12201
1827	12063
2035	10079
2213	12154
2385	12119
2405	12938
2469	11924
2512	11659
2513	9691
2526	13765
2659	11485
2671	11295
2709	14816
2715	15825
2741	11968
2972	13801
2975	13065
2990	10543
3058	10738
3128	12463
3165	12906
3293	12677
3324	12521
3348	12108
3392	13554
3409	11440
3502	15017
3615	13857
3824	13062
3861	12106
3895	11418
3951	17459
4081	12657
4202	10908
4298	12255
4385	10974
4451	12953
4620	12209
4889	12376
4891	14196
5064	12363
5110	15149
5142	11063
5288	13871
5324	10885
5374	10823
5509	11866
5553	12617
5694	12695
5912	15625
6165	11479
6276	16276
7061	14000
718	12721
1194	12044
1293	10787
1313	13216
1330	12256
1335	14110
1378	13538
1524	10791
1540	12148
1631	10125
1723	15296
1784	12546
1863	11438
1865	10935
1876	13948
1905	13795
1921	11721
1934	11740
1938	11693
1988	12349
2018	11431
2278	12263
2343	12424
2422	14764
2439	12460
2442	12340
2619	12152
2685	14720
2832	12892
2882	11799
2920	11084
3026	13832
3104	11208
3110	11226
3115	12730
3196	11829
3207	10709
3244	10391
3311	13563
3356	12778
3475	12062
3537	10785
3592	13455
3607	12456
3715	13721
3725	11930
3759	11541
3769	12653
3808	12720
3815	13826
3836	11275
3950	14226
4042	13317
4129	13864
4205	14674
4331	12221
4354	10916
4437	12530
4515	16549
4723	14248
4922	15120
4960	10260
4961	13372
5046	14073
5184	11297
5495	16404
5504	14352
5558	16121
6514	11881
6828	13312
7000	13856
7482	14982
7973	17490
8110	17716
436	9973
537	15872
977	12864
979	11504
1010	11021
1189	15198
1231	12273
1422	15947
1600	12410
1685	14950
1762	12868
1812	13529
1887	13341
1915	13034
1946	13382
1977	15220
2003	14152
2203	14242
2239	14733
2378	15124
2379	12224
2505	13490
2695	13756
2752	11299
2755	10273
2765	11639
2804	13734
2849	11335
2876	12051
2927	12970
2957	14911
2983	12989
3109	14949
3252	11645
3274	12592
3318	13404
3362	12132
3402	12804
3464	10427
3512	11795
3548	11437
3591	12665
3597	12760
3632	12658
3646	11163
3741	10587
3810	13462
3888	13377
3942	10347
3976	12805
4046	12515
4128	13014
4179	13702
4195	11803
4224	11425
4238	13210
4337	13737
4348	12510
4391	12839
4397	11601
4531	12523
4576	10725
4608	11823
4646	13629
4678	15488
4870	11464
4914	11156
4929	13206
5019	15535
5052	14375
5172	13106
5347	13069
5622	13486
6048	9851
6287	10773
6591	12305
6909	13580
7229	14437
7937	17706
394	13612
428	12038
672	12086
827	12840
849	11206
873	14553
1110	16320
1118	12117
1205	13100
1228	13998
1358	14796
1518	15652
1678	11078
1731	11842
1772	12037
1814	12145
1900	11157
2050	13762
2056	12040
2081	11712
2150	9548
2338	13147
2399	12097
2429	11628
2818	14761
2869	12289
2934	14867
2995	13483
3063	13371
3079	13510
3142	13924
3171	11646
3209	10449
3216	13003
3242	14483
3245	15388
3328	13492
3363	13683
3478	11771
3501	13043
3531	12797
3561	18054
3582	14408
3590	10099
3709	12689
3737	14154
3752	14015
3773	10579
3803	12844
3878	12957
3952	14775
4032	12156
4039	13013
4044	10796
4076	12815
4093	12652
4208	13724
4228	11235
4281	13033
4284	15263
4476	11385
4584	13416
4659	14587
4661	12919
4697	14114
4764	13958
4864	10936
4915	10304
5109	14338
5131	13518
5234	11307
5238	14156
5385	13290
5391	12114
5496	10735
5576	14120
6027	14031
6173	13058
6868	13435
7709	15425
7771	15560
8239	17513
458	14335
610	16794
689	12099
822	11457
857	12559
1252	10595
1291	14011
1294	13456
1356	12412
1443	15129
1480	15159
1569	11858
1760	16367
1848	13139
2086	14356
2088	12439
2104	13962
2210	13077
2218	14879
2279	13468
2282	11792
2305	11572
2521	11031
2551	12390
2706	13950
2714	10378
2759	10240
2769	12566
2908	11946
2935	15234
2936	10927
3031	13953
3060	11713
3270	14633
3300	10520
3339	12562
3411	12814
3426	12956
3444	11529
3468	13479
3480	11501
3577	13919
3637	12022
3712	12600
3740	14259
3754	12991
3776	15105
3879	11191
3887	12059
4183	13487
4282	14103
4321	12926
4367	14448
4368	13339
4379	13163
4435	13623
4598	12889
4654	13726
4755	12019
4803	14755
4820	11383
4902	13300
5039	11611
5153	11510
5159	12645
5192	13792
5248	15626
5301	14141
5376	12257
5589	13877
5638	16202
5706	15642
5836	14219
5863	12330
6381	10849
6405	11105
6842	13359
6890	13522
7249	14491
8310	17234
109	13523
653	11966
752	9959
947	13042
1102	11516
1434	10340
1459	14278
1478	12750
1832	11742
1940	12060
1992	11074
2023	13531
2117	11444
2216	14665
2289	11674
2329	14656
2336	11050
2345	13115
2367	13141
2376	14203
2421	11220
2449	14488
2457	12927
2504	13307
2536	15753
2618	13031
2875	10998
3001	12878
3122	13883
3282	10675
3343	11229
3351	14232
3361	9713
3367	11232
3377	12690
3408	13731
3484	12954
3499	13809
3565	17497
3566	14405
3630	13673
3762	10526
3914	13597
3916	9706
3932	9946
3998	17896
4079	12359
4138	14951
4150	12420
4151	16117
4175	12028
4217	12200
4245	13474
4317	13812
4329	12333
4339	12567
4418	10471
4456	14602
4474	13259
4512	12913
4513	12302
4569	14287
4583	13202
4732	12942
4734	16154
4827	12342
4855	10919
4999	13643
5020	13460
5042	11477
5087	14626
5112	14904
5119	12990
5125	10847
5199	17046
5321	9610
5444	13682
5450	12785
5548	13646
5685	10816
5799	11439
5844	13577
5886	9975
6002	11783
6019	15688
6448	11443
6566	12194
7108	14113
7757	15533
7882	15782
8116	16636
8227	17548
8305	18269
228	13752
362	10706
539	16755
696	9521
714	13648
743	16318
806	12068
896	14323
964	14328
1081	13274
1154	10991
1160	15151
1275	12674
1368	16612
1407	12130
1463	16647
1594	13211
1668	13129
1676	10983
1680	11429
1708	11992
1766	11197
1778	17360
1802	12073
1880	17515
1978	14510
2060	11207
2075	13593
2116	17107
2226	11243
2229	13931
2271	12753
2332	15207
2532	13028
2673	12312
2688	14933
2717	11888
2758	15458
2771	14905
2789	14085
2837	15730
2860	12398
2894	11666
2898	11641
2907	12740
2913	10118
3111	14057
3118	11530
3159	14519
3162	12311
3213	10976
3235	10485
3295	14214
3397	13805
3517	11875
3538	11737
3567	12070
3596	11361
3598	14611
3625	10121
3678	13432
3699	12737
3733	13293
3750	15285
3797	11941
3822	14941
3828	14107
3853	15581
3874	13943
3946	12384
4108	13360
4116	10271
4131	9845
4136	11989
4157	14090
4288	16023
4440	12806
4505	15140
4631	14368
4634	12322
4639	12001
4761	13263
4791	13616
4819	12676
4892	14094
5152	12483
5240	13176
5274	14701
5275	13118
5338	12053
5348	12601
5358	14479
5373	16546
