4	9553
8	9533
22	9543
41	9629
33	9528
27	9609
54	9598
48	9633
171	9554
58	9535
40	9591
19	9531
108	9646
111	9588
14	9680
35	9599
169	9552
119	9645
42	9525
51	9600
247	9555
31	9536
77	9819
21	9655
39	9612
18	9545
136	9561
157	9547
30	9556
126	9530
321	9681
290	9683
242	9731
90	9833
744	9894
7	9563
284	9760
78	9716
65	9766
385	9747
155	9679
61	9982
127	9549
267	9539
60	9697
137	9701
57	9589
382	9562
383	9725
79	9648
324	9949
300	9583
150	9690
89	9928
101	9759
373	9742
0	9625
200	9905
99	9603
64	9820
192	9519
345	9953
520	9861
224	9568
156	10041
292	9638
122	9675
375	9952
924	10448
178	9752
164	9856
85	9866
44	9651
249	9677
213	9767
37	9608
243	9900
123	9676
262	10149
269	10172
577	9963
266	9728
190	9874
218	9550
105	9606
337	9869
66	9800
226	9687
38	9622
82	9694
34	9574
575	9837
96	9958
217	9818
26	10066
945	9936
180	9753
71	9569
329	9887
410	9707
461	9595
233	9815
67	9524
222	9635
185	9572
813	9660
723	9620
369	9613
342	10040
730	9636
84	10367
75	9781
754	9518
130	9579
182	9823
1325	11259
480	10243
97	9710
92	9964
165	9809
1200	9829
530	10070
100	9796
268	9643
742	10292
523	9657
378	10000
2	9749
391	9662
181	9977
312	9577
117	10109
142	10051
23	9756
216	9748
734	10117
258	9881
503	9988
559	10395
440	9985
69	9862
350	9666
408	9824
131	9596
93	9914
595	9817
782	9838
341	10030
1016	10295
206	9715
640	9537
986	9601
1070	10147
584	9803
434	10475
787	9883
639	10155
449	9842
497	9947
11	10035
1201	10268
254	9637
528	9895
387	9644
193	9730
145	9955
533	9769
546	9804
415	10254
1667	9722
70	9933
1024	10212
707	9915
1404	10038
351	9775
534	9564
16	9777
352	9950
1991	11993
239	9724
757	10122
309	10402
751	10011
429	10455
115	10145
81	10139
159	10182
690	9614
293	9860
5	10057
460	9674
355	9788
818	10377
1786	10387
177	9696
960	9997
194	10158
702	9807
343	10025
929	10111
401	10088
884	10087
256	9652
581	10209
20	10095
1049	9544
569	9741
710	10690
1281	10194
120	10097
298	10274
547	10193
257	10062
517	9768
154	10148
791	10591
288	9834
219	9974
427	10896
170	9526
775	10663
55	9621
796	9541
600	9581
1184	10336
315	9729
509	10048
860	10233
717	9789
121	10321
308	9850
418	10491
1142	9921
397	10115
370	9853
501	9661
695	9943
1020	10880
622	9628
245	9867
816	9592
62	10123
633	9962
1392	10086
803	9656
384	10315
1351	10306
367	10007
665	9878
1217	10556
197	10043
191	9714
624	9839
214	10639
845	10229
562	9740
264	9580
12	10376
1232	9828
550	9855
166	10022
776	10696
235	10821
88	10662
599	10169
1	10119
45	9794
833	10727
918	10670
326	10548
491	9892
495	9903
576	9551
645	10612
1263	10074
779	10320
346	9605
1074	10196
755	9971
2167	10174
433	9783
722	10256
462	10574
471	10755
958	10046
307	9560
536	10009
865	10290
2172	10920
204	10068
259	9889
593	9739
402	10687
354	9590
1175	10334
1111	9671
777	10747
225	11025
441	11273
674	11223
208	10078
25	10278
435	9678
908	9626
1749	12863
784	9911
1284	9857
374	10930
1958	10552
50	10230
596	10083
967	9930
1002	9890
553	9813
1090	10396
685	10034
926	10473
692	10297
411	9735
1115	11960
149	10014
1036	9764
1266	10342
1839	10767
870	10451
1234	10080
481	10734
276	10248
280	10541
688	10971
452	9948
1785	11733
1117	10259
1729	10413
445	11055
201	9647
360	10266
444	9585
602	9994
861	10665
507	9826
1576	9877
128	9686
174	10231
510	10364
414	11004
1186	10250
727	9885
232	9795
532	9711
675	10073
826	9770
176	9732
43	9897
198	9782
2850	10023
1031	10729
129	10584
693	10186
1347	10226
416	10672
395	9868
448	9693
1764	9611
1825	10497
103	10628
483	9884
175	10414
430	9912
46	10973
366	10165
649	10366
1730	10232
459	10464
773	11181
212	9627
318	9617
561	10484
644	10344
963	9910
184	10190
238	9615
626	10416
1040	11218
1327	10156
199	9840
2570	11107
900	9750
938	11075
679	10445
1164	11373
2157	13099
1192	10533
978	11331
687	10624
1250	10203
139	9762
1589	10538
758	9774
778	10566
246	10772
2408	12193
261	10641
426	9709
731	9932
968	11738
314	9980
817	9650
961	10374
1099	9941
1941	10198
1092	11631
116	10072
291	9922
699	10291
1391	10178
344	10657
548	11362
995	10359
1015	9578
132	9672
628	10522
390	11545
231	9998
1780	9586
733	9718
909	10151
36	9571
492	10803
854	10386
277	11371
437	10585
899	10931
1023	10654
1264	10902
846	11363
1063	11153
1773	11222
10	10674
1080	11760
364	10720
1543	9566
135	9986
936	9616
842	10002
1072	10214
1464	9546
476	10184
807	10761
557	10210
1499	10055
834	10790
237	10694
289	9673
464	9573
683	9688
1451	9799
265	10415
322	10135
515	9891
2265	10616
160	10503
186	11150
2099	10436
634	9520
334	9927
2041	9929
885	11193
920	9758
932	10060
541	9938
937	10934
891	10818
1792	9791
372	10398
297	10056
927	11717
472	10590
538	11077
949	9923
153	11039
466	10731
736	9559
1159	11061
589	9692
647	10444
1179	9996
1613	12324
151	10341
167	10546
453	9991
1132	11324
609	10042
684	9669
1319	11854
1602	10329
1777	11170
1101	10163
1323	10090
2667	9733
580	9924
271	10982
1050	11432
1405	10511
1064	10154
1268	10238
682	9529
990	10323
748	10688
1045	10137
1633	9797
1389	9705
417	10732
901	9734
1806	10950
1643	10466
1840	10020
250	9852
543	10564
1742	11134
358	10134
886	10333
2260	9843
294	9939
443	10430
1185	11255
68	11188
1399	10553
2642	10241
456	9970
568	9951
957	10113
1304	10228
2377	11752
91	9567
552	9698
1296	9785
133	10252
328	10224
565	9721
719	10617
1267	9723
1515	10019
1724	10372
970	11238
161	13519
273	11436
1061	12811
144	9726
582	10621
2870	10835
3515	11683
583	11618
844	10531
2808	11424
1364	10722
1406	10433
2040	10018
413	10705
1065	9761
1129	11136
319	10421
604	9882
474	10782
516	10353
853	10736
948	11851
255	9746
1226	10716
613	12629
592	10085
1043	10255
1985	9630
252	11456
1147	10562
1354	9772
2293	10314
304	11036
422	11189
607	11379
1895	10276
591	10332
728	10245
935	9918
1672	10947
125	9593
1003	10052
2397	11227
140	10779
240	10555
431	9801
1119	9664
2791	11714
590	10652
195	11697
864	10319
972	10707
1176	10802
2592	10287
618	9607
1339	10429
1343	10362
1485	10677
173	10869
286	10317
678	9557
2677	10895
406	10077
601	10748
892	10307
931	10236
2255	10239
2281	10008
1006	10539
1302	9773
677	10296
812	10478
1398	10596
331	9902
930	10968
1622	11174
514	9790
1902	11151
2627	10465
765	9957
347	10244
524	10146
1381	11142
83	10671
1052	12012
1219	10205
2748	10563
897	11017
2007	10540
183	12177
409	11211
526	10815
771	11005
205	10996
279	9527
442	10411
668	9665
1054	13093
1157	9983
2011	11967
522	10298
1214	9893
1427	9765
1446	11333
1609	10649
1458	11280
2670	10432
1139	9517
1498	13536
1671	9570
3622	12496
230	11410
1137	10952
1713	9810
1145	9745
1374	9565
513	10547
545	11159
1121	12428
529	9624
1578	11893
1793	12334
2328	10130
327	10792
810	9976
1156	11748
1847	10683
2628	11185
227	11700
863	10715
594	11023
1140	10351
2607	10708
147	10852
835	10349
971	11059
606	10846
655	10650
794	10286
1560	13228
1959	13443
1989	12033
843	9841
1237	9904
638	9776
1213	10017
1265	9792
1568	10495
499	10893
555	10047
3897	12326
1473	11422
2910	10699
760	11040
1136	10700
17	11327
1881	10569
2410	10003
518	10509
838	10832
1163	11097
1582	12246
2941	16464
573	11080
770	9836
1109	10778
1432	11407
2534	9738
2614	10963
72	11130
878	10234
1494	9704
2055	11225
1215	9736
1511	10493
2274	10861
473	10235
511	10028
922	11369
965	9532
1337	10176
2045	10331
904	10024
1076	10532
1279	10646
1289	12431
3	11306
211	10907
551	12264
179	10258
371	9925
643	11450
716	11585
966	10189
1466	10614
1599	10181
2031	15160
207	10490
732	10219
872	10218
946	10116
1476	10794
2247	10686
3913	9913
883	10281
994	11139
1093	11158
1483	13605
1679	10714
399	11535
1125	10237
1490	10615
229	10844
814	11052
850	10247
1310	10668
1866	10726
253	9689
912	11764
1491	11920
1538	11603
2093	11539
2101	10988
2988	11224
152	10575
1282	11058
1423	11121
1914	10114
3956	11172
505	11283
982	10948
63	11093
1312	11673
1850	10160
1933	11544
2132	10385
2481	11834
2776	11230
3449	11372
611	9934
729	11012
2579	10534
1300	11082
1617	10739
2068	10101
2770	9604
1297	9663
1908	10875
3354	9668
215	11135
221	10102
2737	10092
1107	10713
1467	10691
1562	11943
1706	9587
2103	11651
2307	10537
627	10153
902	12127
1469	10795
1471	11205
1736	10322
1095	10862
1362	11169
2185	10363
2932	10967
955	11110
1684	12109
1999	12756
2136	10010
386	10132
905	10006
1026	11282
1588	9871
52	10269
470	11759
1669	10737
1910	11003
2238	11046
2324	10851
2339	10990
1856	10192
112	11054
549	10104
898	10762
650	10199
992	10435
1017	11397
1465	9558
2744	12641
3616	11689
563	10985
1048	11977
2661	10703
392	10581
412	10206
660	10545
1413	11488
1922	12718
3123	10900
969	10610
1218	11064
1321	10180
1329	10335
1638	10603
1748	12555
2067	10929
2180	10719
1437	9956
1650	11569
2259	11231
2566	11338
3106	11513
3179	11203
467	11111
1068	10834
1553	10507
1715	9717
2206	12574
614	11202
753	10745
881	10517
1649	12700
1956	11404
2394	14777
2698	10966
296	11192
310	11285
933	10384
1069	11395
1436	10443
1552	10634
1765	11375
1819	12497
2034	11204
2094	10853
2128	10856
2965	11060
1818	10392
2227	11178
2892	10667
407	10446
939	10766
1243	11008
2486	9757
2632	13400
2048	12136
2147	11173
2573	11390
2901	11762
3321	13245
168	11853
234	12554
368	10608
767	10549
1128	10071
1198	12189
1207	11293
1468	10016
1885	12336
2043	10733
2250	11337
2541	9653
2600	10150
512	13500
642	9972
890	9805
1007	10630
1382	9778
1834	9966
202	9937
598	11239
1400	11959
2029	10454
2098	11026
400	12341
726	11144
1359	10275
1472	9763
2567	11976
2886	10438
3766	13535
597	11986
991	9811
1028	11029
1348	11627
2170	11247
841	9830
1645	12968
2648	11414
3323	10829
519	11499
705	11825
756	12950
871	9916
925	10631
1104	10914
1162	10033
1449	10207
1926	9870
2824	11745
3071	11304
4078	13725
711	11165
875	10602
1418	13226
3064	10863
98	10542
251	10839
336	12722
348	10593
574	10560
740	11867
804	10804
1303	11719
1331	10746
1380	11244
1606	9864
1973	11938
2450	11558
724	13023
768	9631
1274	9594
1475	11461
1821	11024
2076	9576
2700	11350
2879	11871
138	11141
299	10774
305	9995
953	10494
1393	11578
1531	9771
1794	11560
1896	10789
2297	12502
316	11914
323	10409
340	11515
389	11781
671	11481
1171	12599
1259	9984
1493	12160
1728	9654
1782	11049
2344	9787
2674	11087
2840	11377
3000	9821
3551	10993
4762	12381
270	13285
