3376	14442
8997	17652
6237	14851
3570	13032
4316	14542
5625	13277
3176	12812
733	9718
2226	11243
3798	11812
3237	12041
7896	15806
1860	16289
4707	12828
399	11535
7522	15070
2128	10856
5412	12351
4429	14311
7400	14821
5538	11709
486	17546
1671	9570
6019	15688
495	9903
114	10440
4324	12918
7644	15302
5044	17674
7809	15635
8468	14288
2518	14811
813	9660
7116	14136
8121	16166
5471	18192
1557	12329
2169	13839
2998	17370
9161	17894
6814	13276
3692	14260
7677	15371
7842	15704
8704	17389
6835	13335
5904	9793
4696	9649
6468	11592
585	13337
3665	12356
8165	17525
7179	14313
987	12822
7105	14098
4097	14430
4321	12926
1489	9542
9372	18198
3742	11758
423	12191
5395	14238
9256	18023
6496	11775
6561	12170
986	9601
5800	15226
6211	16221
3274	12592
176	9732
1934	11740
7932	18872
7335	14681
6860	13405
6545	12081
5856	16932
799	11845
1252	10595
1128	10071
1305	13639
8613	17634
8845	16974
3410	13247
5510	14201
2067	10929
6654	12603
2676	14191
4825	18299
6411	11155
4984	18292
5259	18002
3000	9821
4309	12003
5293	17357
447	12948
2307	10537
6104	17047
5944	15597
7499	15031
9077	15940
6668	12659
6731	12944
5308	10697
8451	16417
1655	11779
9178	17914
4987	13234
1616	17715
5100	12882
7417	14854
6161	17931
4270	16562
4239	15034
1003	10052
2379	12224
7420	14859
2255	10239
5703	10408
579	12205
5171	14748
3027	10984
7457	14926
63	11093
1000	17567
2435	12277
3715	13721
3420	12083
3079	13510
5694	12695
2342	13217
7087	14053
9069	17755
4084	16449
6438	11392
3022	16130
3479	13831
7061	14000
523	9657
7859	15737
6959	13723
8201	18884
7538	15093
5968	15536
2511	13295
6845	13365
9145	17871
9091	16588
127	9549
7019	13895
2370	17493
5026	14464
3670	11453
2662	10202
1233	15014
2621	18014
1817	13530
2808	11424
1794	11560
3764	18177
4208	13724
5312	15208
8634	18190
4088	9872
7410	14840
6236	12294
4796	10632
8460	17781
5834	13977
449	9842
7047	13970
6560	12162
435	9678
4471	12269
5577	16566
1151	10528
411	9735
6895	13549
5637	15799
6858	13401
5438	15818
12	10376
1345	13898
8029	17571
56	10382
1205	13100
2337	9987
2395	11389
280	10541
1245	13667
5407	18612
661	10906
3711	14449
4979	12392
5211	15933
2707	15532
1351	10306
6667	12651
4932	13256
7535	15090
6965	13742
8508	17811
3754	12991
1918	13507
5531	13026
1974	11638
8515	18201
9170	17903
4331	12221
2247	10686
8150	18453
7455	14922
9053	17732
285	11800
2661	10703
2895	12856
6607	16784
2684	11626
4284	15263
4055	13225
5935	12449
8032	18353
4646	13629
9067	17751
6808	13246
202	9937
1310	10668
6191	13314
6462	11562
8781	16118
9464	18326
4690	15025
2804	13734
610	16794
1264	10902
2224	10944
6420	11272
1924	10423
6843	13361
7169	14285
8220	17892
6864	13420
1568	10495
2922	14894
3388	15367
4847	14864
5475	12972
1657	9786
2555	15137
5015	16892
2402	11889
3786	13427
9424	18267
1224	13876
7724	15446
9217	17974
1578	11893
3820	10567
3847	10404
227	11700
5340	13915
9220	17979
6878	13476
3168	13499
4161	14243
952	12370
5716	15663
1731	11842
4905	12940
1261	10910
8590	18980
9231	17993
2930	15549
2266	10136
8971	17130
1469	10795
891	10818
2876	12051
1236	12250
1115	11960
1805	12141
5066	15904
7917	15854
1983	9969
1058	16300
7515	15056
5943	17116
3314	15552
8105	17487
459	10464
3556	11113
8750	18191
5347	13069
3616	11689
6312	9779
2064	16579
7893	15803
7666	15346
9205	17953
1390	16113
5335	18320
7640	15293
6513	11876
1475	11461
4602	18671
783	10187
5792	14745
9398	18240
6905	13568
7605	15228
4477	12260
2427	12029
3060	11713
5345	14635
6395	10958
390	11545
8600	18610
1334	10825
1905	13795
7070	14022
8260	18956
1746	11035
6968	13745
7119	14143
2461	10980
2521	11031
5093	13781
475	10313
2557	14596
8914	17386
6856	13396
335	12144
7788	15591
9056	17735
8228	17812
6461	11554
3097	12776
3201	14294
7389	14798
1650	11569
7525	15073
7981	18093
2181	13154
8917	17512
2867	11681
6344	10373
9320	18131
7288	14571
7565	15145
7823	15669
7795	15607
5358	14479
6308	9632
5652	14660
4014	11256
2257	12102
2888	12908
4590	15775
870	10451
2497	16406
6769	13117
5717	13715
190	9874
5955	17973
4785	13920
3587	16679
7680	15374
5671	15181
7913	15841
2970	14266
566	13544
2457	12927
3031	13953
8643	18575
2089	13699
788	15579
2373	13229
4112	15224
4358	12247
543	10564
2205	10878
3165	12906
6570	12210
2444	10894
1411	18187
7485	14990
1635	10496
35	9599
6419	11260
1981	12072
2927	12970
3338	11521
2340	11187
4934	13467
3382	11564
5525	18338
257	10062
4839	12183
3032	13437
7894	15804
2971	10946
5324	10885
3512	11795
7629	15277
7959	17138
3110	11226
1105	9755
7768	15557
1235	13019
710	10690
8538	17195
9348	16475
2901	11762
3967	10510
6868	13435
4292	11209
4627	17615
6520	11934
7043	13961
116	10072
4529	16814
2115	13189
2392	11777
7610	15240
6080	15082
7324	14654
4349	12911
6173	13058
145	9955
5854	13049
6882	13491
4616	14194
3444	11529
6711	12855
6854	13392
7270	14539
140	10779
1007	10630
7273	14544
7789	15592
4211	13327
6274	11770
3326	18303
8875	17207
1966	12140
5868	17683
7337	16407
9136	16201
662	10487
7305	14617
9385	16676
9238	17417
4658	16648
6781	13156
5033	13556
6540	12047
1483	13605
998	11870
1295	16523
6223	16046
4399	15899
3908	16601
7674	15359
6599	12361
2929	10093
2550	17681
2686	12092
1263	10074
1302	9773
4834	16766
3313	11961
5496	10735
4810	17577
4402	13322
3609	14174
4653	12638
4023	10027
9093	17793
5530	11221
7681	15375
4016	11007
9358	16263
535	10890
8155	16463
747	11483
3212	16322
3119	11435
4521	14562
7081	14040
3256	16099
3153	10265
7502	15036
9260	18027
3988	13281
6035	13177
2494	12285
7660	15329
6032	12613
6378	10806
2723	11556
8118	17870
9381	18209
5253	14080
1385	11302
1708	11992
7057	13989
7208	14387
9461	18323
34	9574
7341	14687
7344	14692
4971	15269
17	11327
4833	10609
7738	15491
1124	10601
1733	11877
7803	15620
1215	9736
7166	14282
7290	14577
9227	19031
2632	13400
4029	14234
7998	17552
1862	12701
7541	15098
7771	15560
696	9521
1238	9575
2817	17768
6098	15545
5578	15021
4993	14102
639	10155
7810	15636
5874	18991
5743	16256
506	10299
2334	10831
6773	13132
9300	18095
1399	10553
4210	10845
2080	11180
7548	15114
9115	17820
6763	13087
1985	9630
4976	13761
1818	10392
381	14855
8954	17579
7180	14314
4353	13489
3398	15777
2904	10021
104	13271
5653	12175
4278	13086
842	10002
7698	15408
962	13036
6101	12042
8265	18939
903	17825
6562	12171
4762	12381
868	12391
6119	16031
6901	13559
822	11457
8330	18775
8141	19024
835	10349
9289	18070
3812	14087
6887	13516
9154	17882
2650	17028
4042	13317
4400	12796
9349	17303
6908	13575
8760	16908
615	12941
2762	12021
7200	14363
5467	15566
2236	11682
2143	17641
1076	10532
3185	18247
633	9962
5512	13767
4263	11636
6522	11940
382	9562
5864	11445
3458	12111
8910	17498
6151	14104
9313	18117
6373	10770
6665	14325
7281	14557
4631	14368
667	12821
6446	11433
904	10024
6271	12829
1386	12922
422	11189
9004	17668
3137	13493
6554	12134
6399	11028
7167	14283
5498	15013
4140	11892
225	11025
683	9688
5390	13201
7539	15094
7492	15019
2227	11178
2270	11814
2932	10967
7741	15494
9218	17977
5247	13566
3860	16160
546	9804
7650	15312
2478	11699
5697	12045
9102	17802
7413	14847
3879	11191
5670	15362
1940	12060
584	9803
7450	14914
5366	18334
1932	15848
1249	11654
6792	13187
1312	11673
5480	12168
5960	12576
5624	14842
1199	11015
595	9817
4655	12994
3913	9913
1012	12320
1452	14578
7033	13929
3437	11381
925	10631
8992	17647
4207	13248
1397	11609
5841	15486
5369	18874
1326	10682
9076	17762
3935	13728
2627	10465
8093	16016
1035	11149
1597	10098
1619	10611
4296	12660
6749	13015
2936	10927
3517	11875
4236	10808
6751	13024
8927	17531
3056	16132
2304	10606
3739	11695
3404	12385
68	11188
98	10542
1132	11324
4772	13649
4755	12019
7779	15573
7068	14020
2512	11659
8918	19000
1821	11024
2192	12886
6165	11479
5669	13527
1125	10237
4371	16873
4748	13184
1083	12455
1723	15296
2793	11534
3615	13857
9437	18289
5705	15143
6278	12295
2969	12699
3055	14688
9097	17137
6454	11474
2990	10543
3891	14142
8566	16454
1895	10276
2481	11834
4229	17584
7897	15807
1077	10583
1211	10812
1192	10533
5806	17036
7523	15071
971	11059
2142	15522
5246	13666
9005	17669
4927	17104
6573	12226
2042	11090
302	11085
4610	18336
3953	11879
2629	18205
1492	12343
2450	11558
9414	18254
2014	13916
3478	11771
9476	18351
3332	11653
4087	16955
9162	17895
6295	15227
6321	10032
3633	11766
9487	18365
1129	11136
7911	15839
1292	12066
8216	17872
5098	13148
9060	17739
2992	11625
4581	19045
4221	16258
9457	18314
2912	14490
8065	17595
741	10623
1743	9844
7336	14682
9272	18039
5465	18166
2409	17518
1877	15442
2233	10647
7162	14273
7088	14058
8276	18165
4699	18074
7397	14813
4245	13474
7627	15275
2551	12390
1570	11242
7766	15555
7148	14230
2268	15421
4069	17799
48	9595
4335	15740
9347	16883
4094	12379
8386	17636
8835	18694
4380	16385
6602	12377
2468	12634
3328	13492
1241	14426
2792	14909
1732	10499
2411	17432
5601	14862
8832	16531
2502	10417
948	11851
6919	13602
78	9716
2641	12417
6331	10170
16	9777
5845	13165
9096	15944
8031	16374
5047	18783
7633	15281
1788	12851
716	11585
15	12935
376	14900
7900	15810
4946	10743
6828	13312
5240	13176
888	9827
3252	11645
3071	11304
5887	16141
7095	14070
6594	12327
3894	14495
2077	12846
6648	12563
3298	12929
263	10943
158	11415
1389	9705
5348	12601
7870	15759
1815	9584
3896	15480
1231	12273
4303	10879
8277	16793
2666	14530
147	10852
3994	14739
9185	16150
819	16880
219	9974
2263	12834
7952	17639
5708	16677
4973	14767
5279	16271
8942	17560
6657	12625
45	9794
4912	12276
3599	9901
85	9866
8245	17339
5655	17955
1448	12513
9063	17742
8641	16292
3152	15978
576	9551
6216	12249
2625	12031
6661	12636
1623	14207
3228	13987
3245	15388
3813	12462
2668	11849
6425	11312
155	9679
874	15516
5421	14647
9226	16285
1024	10212
5848	14310
7769	15558
2473	14619
503	9988
1392	10086
922	11369
2601	17285
2238	11046
3819	13650
5230	14382
6603	12378
4674	11720
3037	15600
2025	13153
2835	12204
4793	13334
1938	11693
959	17559
9486	15929
1759	11950
1525	13769
1626	13821
8988	17638
8091	17127
2339	10990
1969	11945
59	12549
665	9878
1752	13933
4062	16912
1462	9899
340	11515
6329	10166
4577	17543
6086	12165
2655	10179
2071	10128
2286	12002
2152	13759
1420	12827
7392	14803
1122	11901
4038	14461
3004	13450
2579	10534
824	9992
4915	10304
3154	16363
4021	16214
893	15232
8257	16907
1485	10677
6896	13552
6249	11755
6593	12319
4828	13984
6865	13421
7636	15284
265	10415
6812	13265
1191	10580
1304	10228
1742	11134
6336	10303
4948	17139
6851	13378
4158	10338
1812	13529
6557	12150
3353	17754
9430	18275
946	10116
5779	11819
4633	14768
2582	15167
4433	18386
6061	12471
9166	15950
1260	15941
8204	17259
8431	18470
8336	16432
1079	11399
7782	15580
1699	13773
7380	14782
1874	14299
1062	10183
7516	15057
7184	14318
2082	14413
7156	14256
6937	13660
3780	13926
9072	17375
7298	14605
7205	14377
5292	10280
8629	19020
5432	10031
3968	12176
6149	17256
4136	11989
4683	14373
9279	18055
8639	16446
1858	10625
6758	13055
4118	16294
3383	11644
4160	12467
2864	14462
6434	11359
751	10011
1237	9904
1030	10365
2092	13838
6713	12881
1066	11190
1214	9893
8985	17325
66	9800
3073	14168
3271	16627
2333	9699
7074	14028
5169	15942
3982	14689
6972	13751
4921	12164
9497	18375
3829	15615
7588	15188
3429	15910
9246	18012
8499	18226
2346	13960
6152	17809
7559	15130
2309	14832
4050	15210
886	10333
9132	17846
5881	15710
7390	14799
6276	16276
2167	10174
2851	15007
1741	11234
755	9971
5196	12116
8072	17758
5202	13328
7566	15146
7824	15670
465	18274
2101	10988
7796	15608
410	9707
1165	13289
1121	12428
2664	11101
969	10610
8162	18819
3549	15170
271	10982
9016	17684
3292	11343
8479	17708
4298	12255
1328	12879
5185	17188
7315	14638
7573	15162
174	10231
2176	13619
9428	18271
180	9753
6319	9920
6558	12151
8287	17659
9431	18276
7684	15380
7113	14130
8033	18008
7914	15842
1648	12187
4397	11601
4551	15451
6569	12202
1875	16552
6807	13242
4457	15294
2810	17998
3544	16236
3514	11634
30	9556
5917	16827
5385	13290
9194	16885
4056	16532
1704	13822
5757	18531
5005	10036
7429	14874
8110	17716
8378	16447
7091	14061
1127	9990
7630	15278
7440	14888
7863	15745
7928	15874
6634	12509
5145	12123
5195	11486
1277	11102
9329	17352
2923	12869
911	12967
6519	11926
4682	14957
2802	16901
2809	11427
4949	13537
7841	15703
8975	17618
1609	10649
7102	14088
1945	16462
3865	17071
9441	18293
1313	13216
7414	14848
4943	17105
1457	12214
6408	11132
4412	16422
895	10195
4914	11156
8826	17616
707	9915
7590	15195
7848	15719
1800	15707
8591	17749
2130	11152
2384	11971
7186	14324
6117	15507
128	9686
6270	17964
9386	17431
1758	14663
846	11363
7207	14383
8707	16096
1672	10947
5386	15702
976	10426
4713	16656
8412	18393
2585	16283
5905	17206
877	17250
2899	11454
8886	18434
6133	18790
9211	17965
4765	15247
61	9982
1433	10005
3859	10486
3972	12578
4502	15547
5981	11687
1442	17143
6509	11843
3632	12658
5280	17009
3358	14112
591	10332
4771	11884
1538	11603
4566	15387
4235	11352
5620	14835
9171	17906
8775	17640
5604	16059
6717	12896
3453	13302
8554	17412
3098	15060
3304	17114
312	9577
8305	13446
7661	15330
2300	11818
323	10409
6355	10450
6917	13600
5201	14972
6892	13543
6544	12079
3488	15595
876	11497
7464	14937
5846	14895
5825	16004
2753	16085
3200	10883
2635	10882
6826	13310
4773	17312
1440	15632
3639	10701
6847	13369
2248	11604
6707	12837
9198	15891
805	12088
7772	15561
7352	14709
5445	14564
3189	15726
99	9603
3142	13924
6066	14093
6501	11806
3500	15066
2053	14640
3452	11117
8057	16339
7549	15115
9433	18282
9119	17826
7247	14484
7266	14534
3069	12520
758	9774
1642	12975
2318	9848
9447	18301
4958	14193
2920	11084
2938	15568
3951	17459
3597	12760
2134	11838
5912	15625
6662	12639
5383	16264
6524	11951
383	9725
4121	16823
2460	17902
2138	15865
977	12864
9316	18124
4455	17342
5164	15587
6351	10424
8801	18432
8066	18212
1831	11921
7163	14274
402	18490
9290	18071
6962	13732
6888	13517
4407	12871
1232	9828
671	11481
3560	10905
8795	18250
5504	14352
4822	15715
6418	11245
6951	13694
385	9747
6622	12472
2532	13028
101	9759
3065	11313
8655	18620
5878	17158
3710	12017
4040	14861
2883	14719
4015	11835
1432	11407
1659	11827
4763	14209
6836	13340
4892	14094
7329	14670
6469	11597
514	9790
3673	12071
4459	14966
2575	15771
9264	18031
6857	13399
9237	17147
4935	18049
1595	12458
4861	11869
1217	10556
9143	17862
7529	15081
714	13648
6044	18335
5096	17364
1071	18315
3394	13716
7308	14624
8836	18910
7569	15153
614	11202
7236	14455
4317	13812
2366	11409
1244	10551
8267	18349
8394	18161
4444	14590
9417	18259
6877	13475
3964	17336
6450	11452
8156	17471
1265	9792
5389	16431
4128	13014
4143	16032
9500	18378
452	9948
7547	15111
9224	17985
4578	16862
2639	11581
7659	15325
9352	16184
816	9592
2820	16022
3735	18573
5116	14444
3019	11923
6658	12626
7691	15398
344	10657
9275	18044
6618	12446
5978	11591
4980	11257
2048	12136
1891	13879
2060	11207
1307	12138
2331	11441
6940	13665
4271	13426
2590	12833
81	10139
2874	11316
5291	15212
4453	11861
7670	15352
8470	18145
6574	12231
2036	12139
950	10938
4642	13719
6849	13375
4947	17738
3498	12055
9158	17886
3607	12456
2659	11485
6967	13744
926	10473
5473	15983
215	11135
8938	17553
2737	10092
7611	15243
1011	12503
6140	12016
675	10073
9047	17725
1647	11401
100	9613
1342	13505
2741	11968
5650	11600
4329	12333
9244	18010
7816	15648
8244	16620
484	11939
2559	13654
6470	11598
6855	13395
1919	10813
4957	10855
6423	11294
2531	12360
7123	14149
5590	14474
3496	14466
7274	14547
2135	11340
1206	10648
3425	12048
7002	13859
2234	13305
3120	11183
594	11023
3573	12885
2117	11444
4558	10476
9135	17851
3460	11897
2897	12723
7009	13875
1682	11637
4533	13802
3770	11830
8974	17610
4652	12447
5199	17046
326	10548
9415	18255
938	11075
1117	10259
6244	17576
5127	15830
3433	18193
6907	17368
818	10377
9439	16518
24	11270
5213	11817
7912	15840
653	11966
553	9813
7657	15321
6375	10798
927	11717
3064	10863
9071	16738
7880	15780
3766	13535
7687	15385
3192	18861
3450	15221
1315	10257
7854	15727
294	9939
4325	12186
9273	18040
4478	13182
3325	10759
3753	17393
3557	14300
6365	10645
1208	11033
2245	17711
8102	16768
8623	18160
332	13614
559	10395
8537	17891
7427	14872
1845	17777
6938	13661
1907	10253
8823	17696
740	11867
6085	13193
1988	12349
5109	14338
2275	11588
2759	10240
2225	13982
4117	14758
282	11928
9280	18056
2506	13214
4734	16154
2671	11295
9463	18672
4990	15851
6292	14839
2223	12596
2907	12740
6994	13835
3666	16929
7542	15101
1888	16669
6367	10704
2191	12011
8727	18230
9159	17887
2099	10436
8637	17253
4000	15004
4777	18079
3240	12741
2999	17819
356	18535
6020	18180
5418	10676
2644	11175
2713	10780
3112	11014
1078	11094
1814	12145
5150	13076
7075	14029
1882	12545
5589	13877
2385	12119
267	9539
3441	16824
7732	15467
7359	14727
6007	19005
1069	11395
5069	12306
8176	18369
4138	14951
4862	18917
786	10777
7230	14438
1540	12148
3625	10121
7159	14265
166	10022
7251	14497
9195	17944
479	12468
2760	10316
7904	15816
5803	16852
3310	12180
476	10184
617	11126
2105	12307
1482	15068
3671	17528
1734	10822
6923	13621
5675	12129
6703	12800
9406	18248
6514	11881
6727	12928
5641	15864
238	9615
618	9607
5840	14532
7839	15700
5080	16470
8492	15999
4352	12799
7555	15123
5888	10264
5356	14833
5939	16874
1484	10889
9369	18194
5726	14817
7383	14787
9253	18019
9442	15969
8081	17569
2799	16528
6643	12533
3943	10500
3519	16854
1160	15151
4965	17055
6328	10162
7332	14677
3208	13205
8951	17573
8353	18112
1018	12708
5665	15187
2552	10807
2039	14157
7343	14691
2754	14139
6565	12182
6200	13481
8374	16370
4428	13709
3483	16685
6525	11965
3772	13075
5499	15770
2827	13836
7540	15097
4326	17081
5558	16121
2139	14401
7543	15102
7770	15559
6750	13022
609	10042
581	10209
1854	13222
756	12950
1451	9799
2127	12297
883	10281
2790	14075
9034	17705
1195	10516
5111	10827
2344	9787
2118	13645
3750	15285
3929	15287
2000	12643
3774	11212
9343	18167
5241	17474
2882	11799
2978	11278
7971	16380
2546	13570
4058	14354
7752	15518
1941	10198
4950	17675
4048	12619
5205	13700
9310	18111
3738	15059
5056	15334
5097	15335
1740	13298
9391	18221
643	11450
7663	15338
9080	17770
6900	13558
8961	17590
331	9902
2083	11836
2279	13468
9438	16697
6921	13617
3598	14611
2477	17361
7016	13891
1347	10226
2324	10851
159	10182
9353	18171
6256	16539
7321	14648
7579	15172
2813	13001
3618	13169
4891	14196
1114	11048
3400	10960
814	11052
4520	17178
7407	14836
1674	9695
6587	12293
2533	14529
7044	13966
6442	11417
7381	14783
2049	14187
7730	15462
4679	18110
4132	12050
2614	10963
7328	14664
1643	10466
4788	12095
9172	17907
7950	17865
3669	17658
6022	12413
6342	10368
676	11882
9079	16898
1529	10337
7697	15406
9281	17261
852	14030
7593	15204
8830	13834
2997	10970
5012	10419
83	10671
6346	10379
7309	14627
1721	17983
5408	15465
321	9681
7597	15215
1798	9720
6708	12838
1360	11480
6213	14293
4594	15369
1456	9727
2505	13490
1710	14976
2315	12575
4431	12867
802	14572
745	13018
6349	10397
6670	12667
7915	15847
9257	15991
3575	15511
5645	14896
1999	12756
3790	10740
8615	17921
1630	12364
606	10846
6934	13652
7460	14930
7394	14805
2848	12149
1031	10729
1437	9956
6483	11686
7864	16188
8855	18283
7664	15339
8959	17586
4754	15977
6840	13357
5112	14904
1612	12818
5555	16147
4111	13777
1602	10329
3995	11616
2887	12642
7668	15350
9376	16534
303	12218
878	10234
7149	14233
4045	14362
4996	14584
4354	10916
5534	12947
313	11630
471	10755
9228	17989
7320	16222
8934	17542
1601	10979
5239	12477
6916	13594
2229	13931
8428	16098
1883	11079
6754	13037
1896	10789
1090	10396
7177	14308
2244	15407
7512	15052
5791	15326
8991	17645
1443	15129
1921	11721
1183	11526
955	11110
1822	10695
2412	9743
1553	10507
3263	13521
8799	17596
9029	16072
7470	14947
7488	15001
5461	16740
3473	16899
3258	12773
3280	17258
6265	13007
1094	15712
4606	10978
5442	15680
3016	9978
4724	12394
1393	11578
4557	16189
3132	13573
6948	13680
4456	14602
1140	10351
5691	13122
8058	18621
4806	16112
6076	10489
7	9563
1621	10129
7871	15762
5089	16171
355	9788
5349	13772
3816	14097
9418	18260
8089	16106
2336	11050
6909	13580
5948	13542
538	11077
2057	10817
154	10148
5759	18487
9001	16107
6743	12995
4379	13163
2556	18085
7878	15778
2429	11628
5773	17109
9250	18016
752	9959
3510	15868
1207	11293
2748	10563
1339	10429
260	14307
738	12656
4865	10410
1145	9745
1754	9597
687	10624
3823	17617
6497	11784
4387	17201
6164	13301
5488	12752
8400	17822
647	10444
7092	14064
366	10165
2028	12465
1849	11002
4607	11956
4044	10796
5893	15174
5165	14206
6248	16570
1917	16017
9336	18153
9409	16157
636	12096
7745	15504
4701	13927
6595	12332
8948	16701
6880	13484
490	9534
8593	16015
5857	12339
2431	14144
2178	10251
7197	14359
1824	12648
4391	12839
392	10581
6672	12673
2023	13531
352	9950
2631	13387
1520	10143
1933	11544
5747	11016
3102	18341
6779	13149
2972	13801
3474	17166
7626	15273
6800	13208
9284	18060
6712	12866
9323	17005
894	10805
1020	10880
6064	16479
6350	10420
2729	18136
692	10297
3646	11163
6385	10872
984	13852
1314	14481
7353	14710
7112	14126
3397	13805
7065	14014
1848	13139
829	15900
6541	12058
4846	13782
2414	15213
7837	15698
1417	15252
4774	17814
6739	12982
8879	18024
9481	18358
3318	13404
4742	16290
2645	12372
2674	11087
7553	15121
7783	15583
1479	10653
3411	12814
9251	18017
8306	16563
2714	10378
568	9951
678	9557
6837	13345
4481	15589
7881	15781
6724	12916
4083	14267
7302	14613
6103	16275
7228	14435
3893	11891
9083	17773
3937	15381
6645	12542
2513	9691
574	10560
9204	16787
264	9580
1212	13291
6218	16383
9344	16501
1454	10838
4953	15705
7711	15427
2301	14652
2377	11752
1366	12159
5067	13740
1749	12863
5818	15594
6577	12236
6334	10263
3283	18132
7675	15366
41	9629
2367	13141
3074	15514
5307	14597
6876	13471
4417	17014
1583	10063
3438	9523
1478	12750
2216	14665
5158	16231
3009	11332
3220	13996
855	12478
8941	17558
2035	10079
3843	11679
3903	12713
5778	17521
5298	16884
2925	11045
2510	12789
5552	11287
2262	12687
7967	16305
3977	13830
3259	13550
5562	12914
6775	13136
6277	15340
1477	10138
8547	17001
462	10574
3459	12039
5159	12645
2490	10191
6653	12594
5373	16546
2535	10873
3727	14944
3794	18152
2306	13524
6447	11442
3856	10399
5913	14955
464	9573
7635	15283
4576	10725
914	12253
279	9527
8525	18006
5863	12330
7401	14823
1668	13129
7110	14122
1709	17856
7603	15223
4216	14475
47	14509
3634	10592
4895	12548
6527	11973
8894	17472
4601	15979
1301	13722
7022	13901
5506	13870
5805	12217
1455	15357
1503	12661
7268	14536
3722	15027
9112	17816
6615	12436
9356	18176
7728	15460
362	10706
8761	18232
3961	10061
1535	11566
3164	11703
9509	18391
4032	12156
7509	15049
3249	11518
3620	17581
6115	18421
776	10696
7695	15404
2800	14809
6401	11056
7925	15866
6195	10658
2608	10559
4710	13131
6234	17187
9202	17951
1790	13081
5630	17975
2058	9863
7472	14958
8862	12635
6608	12409
2526	13765
2350	13539
115	10145
605	11241
663	13397
3230	17789
1556	11988
964	14328
4613	16473
4781	14071
3583	10185
4715	13488
2459	12664
3844	18362
3203	15562
3532	12125
8407	16683
3574	17720
8359	17689
5441	12316
7078	14034
8444	17504
2208	15189
9508	17374
4874	17574
5079	16020
60	9697
2214	12459
469	12605
1911	10472
2456	10272
4462	14331
6523	11947
2894	11666
869	11300
7283	14560
7190	14332
7085	14050
2398	12401
152	10575
8780	17924
2443	10868
2764	11448
3163	10928
3081	14538
1400	11959
1104	10914
2212	9659
1649	12700
7944	17544
4595	12887
2189	11072
394	13612
611	9934
9296	18083
7171	14295
3422	10751
6388	10917
4153	13185
9333	18150
1088	16689
6912	13583
3882	18091
4866	12074
8310	17234
1679	10714
8050	16371
4156	14358
7322	14649
4997	14974
1329	10335
2745	11182
9507	18387
8	9533
7507	15045
2736	10544
7510	15050
4487	15582
631	9926
9274	18041
1736	10322
4120	17451
2386	13585
5235	14923
3700	14650
1802	12073
6893	13546
7428	14873
807	10761
7468	14945
5427	16261
8003	18258
7037	13941
6571	12219
5595	15845
757	10122
6102	16844
2380	11942
3302	13449
2405	12938
54	9598
5945	16079
5334	18140
7830	15684
5090	14289
4919	14407
1536	12610
4064	13627
7403	14829
763	14380
6963	13739
7377	14776
3447	16553
2702	10249
6502	11809
76	12137
1989	12033
8728	16137
860	10233
965	9532
3405	12880
208	10078
7874	15767
9434	18285
4995	12308
7221	14421
7360	14728
6114	16315
9051	17729
1768	10758
2865	11596
8238	18380
9448	18304
1903	11104
1923	14954
1701	11872
844	10531
8213	17505
2611	10107
11	10035
6535	11999
556	9835
3104	11208
4609	15776
5174	18443
2755	10273
124	10326
1085	11532
1023	10654
6924	13622
8679	15884
3529	13050
1507	16594
7708	15424
9007	17672
1019	10360
3427	11955
2449	14488
9018	17686
534	9564
3751	18202
2591	14608
5378	17283
2840	11377
6931	13638
8560	17976
1379	10558
1487	10357
1717	10819
6952	13697
4812	13344
785	15683
4983	16609
2806	17098
3362	12132
2498	10300
8051	16005
7387	14793
6322	10039
7617	15255
7847	15717
8543	17635
4209	17373
3822	14941
7887	15789
2715	15825
2988	11224
4189	10197
2564	12623
7366	14747
3808	12720
7431	14876
2653	13634
1383	12841
6290	14493
2470	16896
187	11805
3910	11684
659	14244
967	9930
3291	10629
5969	18235
4600	12252
5692	16651
1387	18073
601	10748
7373	14763
1099	9941
5735	13988
1757	13590
1700	13056
2718	10824
4966	16631
7294	14591
4078	13725
731	9932
7688	15390
3170	10352
5547	17027
4877	16680
1660	12731
7556	15126
7463	14935
7786	15588
4708	12966
1853	13540
3831	13336
1049	9544
8717	16326
1799	14997
9165	15964
2479	13938
5636	10208
9039	17316
3294	11118
3273	14213
6941	13668
2424	10215
2408	12193
6345	10375
1057	11512
200	9905
3866	15895
1793	12334
3644	10369
5782	12598
7444	14898
6575	12234
3746	12568
4458	10064
3917	14786
3795	12874
8275	17391
1517	12291
436	9973
4290	14802
4411	18704
9024	15974
7358	14723
5631	14657
2654	18503
5192	13792
7817	15651
5816	13656
596	10083
5370	18265
5198	13085
418	10491
1904	12794
4872	15544
3763	10949
1144	10302
1916	15248
3466	11894
2437	11981
7853	15725
2250	11337
6873	13459
5447	13910
7759	15538
7594	15205
1028	11029
5050	11470
5889	17409
4758	15499
1005	14465
2388	15364
2604	15662
8925	17526
2063	12571
3431	10452
2465	14271
2107	12348
2430	11281
8037	18003
4085	14588
8847	17054
6567	12197
1185	11255
6400	11037
5865	11696
261	10641
8168	18459
2884	10175
8437	17829
4041	12717
6611	12425
269	10172
1067	13370
4139	14457
4419	12784
2144	11718
4731	11070
5063	10082
7461	14931
2910	10699
6532	11987
90	9833
2789	14085
5088	13064
8078	16556
6414	11214
3773	10579
1496	13833
8099	18076
699	10291
5515	17423
195	11697
797	16232
8957	17585
1613	12324
8754	18128
7133	14176
3375	17191
7489	15006
9149	16708
2253	14347
1577	9634
2098	11026
1902	11151
4443	12602
2898	11641
4940	13408
3825	11506
1060	10576
3502	15017
4328	13029
620	14441
5852	15624
8038	16618
5575	16255
6451	11459
1685	14950
4959	15757
6702	12798
5413	10972
6578	12237
5163	10568
8111	17510
1776	12035
6701	15956
3370	10939
4201	10867
9037	17712
5236	12480
3942	10347
575	9837
3235	10485
5041	11487
7076	14032
7246	14480
3689	10840
8520	16109
7755	15525
102	11724
4792	10638
573	11080
6988	13811
7471	14948
4279	10763
4131	9845
3308	18705
7160	14268
9023	16329
7209	14389
2219	12739
557	10210
510	10364
1611	16303
7762	15541
1865	10935
2818	14761
5405	13847
4904	15551
2428	15478
6084	16387
8842	17570
146	12009
1041	10673
1744	13799
4421	16602
9475	16436
6619	12466
3728	17547
4819	12676
5183	13138
2640	11577
6910	13581
704	12192
5052	14375
6612	12426
6913	13586
4437	12530
9484	18363
885	11193
6590	12300
7937	17706
3759	11541
6644	12536
2114	12591
6616	12437
9451	18307
2630	17288
3950	14226
8915	17509
2527	9993
70	9933
4101	11655
5613	17165
9510	18392
4410	13164
1311	10897
6861	13409
7793	15604
622	9628
7008	13873
587	10573
7128	14167
6796	13199
1928	15676
8163	17766
7131	14172
4008	13534
6100	14893
5780	15477
4395	14468
5377	12054
7596	15211
1804	15088
4244	11266
2332	15207
8388	19052
840	13355
5478	18229
1072	10214
1428	11310
3637	12022
640	9537
2271	12753
7040	13946
9472	18342
532	9711
3793	14669
4027	10635
1797	11557
7746	15505
6669	12663
9152	17879
6510	11852
4951	14403
9038	17713
2038	12528
7198	14360
3172	10013
3562	10693
3987	11394
6559	12158
311	14973
2647	13511
1016	10295
2423	11551
2667	9733
772	10874
1629	11434
8227	17548
2678	12716
367	10007
5907	17722
5594	17262
3464	10427
1819	12497
6287	10773
96	9958
6013	10012
2871	13525
4583	13202
1706	9587
8426	17613
8495	17972
3006	12932
8671	17151
4493	13659
6090	10380
2962	10381
1367	12457
350	9666
2600	10150
3147	12763
652	11465
4174	11583
9086	17780
6636	12512
511	10028
1596	15434
7609	15233
5699	12831
3877	13053
9041	17714
4666	13213
232	9795
5679	17319
7580	15175
6257	14815
7583	15180
5403	14940
9482	18359
9485	18364
953	10494
6488	11715
4409	18926
2322	11495
3418	15104
5622	13486
9297	18084
3435	10318
7411	14844
8978	16089
6999	13853
843	9841
8678	17554
6443	11420
3048	13063
7451	14916
8937	16731
9362	18186
1213	10017
547	10193
3845	15033
5569	15996
3351	14232
5130	15131
1931	17881
4250	11820
7106	14100
7820	15658
7436	13746
1474	12983
2272	17164
3352	13824
7127	14159
463	13124
7006	13869
9294	16860
992	10435
2125	10405
4081	12657
7953	18294
4367	14448
7827	15674
4191	11253
7799	15612
7475	14963
7038	13942
2079	16826
1993	10141
917	12368
1560	13228
6506	11839
1413	11488
1239	13587
5777	15076
5906	14732
7831	15685
1840	10020
5823	12748
7576	15166
1196	11904
26	10066
3248	11915
958	10046
5921	15471
3691	15639
5372	18181
4945	12452
7949	16845
4241	14056
5519	16888
7264	14527
2397	11227
4145	10561
857	12559
8129	16897
6991	13816
3863	10848
509	10048
4597	10843
4535	14166
9435	18286
5897	13959
1774	9908
5915	15962
5763	11929
7665	15342
5208	13104
3238	12637
2615	15627
8021	17606
62	10123
915	12025
8125	17434
467	11111
1337	10176
5187	14334
1722	10283
6260	14253
2425	11423
8863	18302
735	11276
470	11759
6688	12744
9146	17873
6493	11751
5988	16948
169	9552
4869	18310
7023	13902
521	11468
2544	14942
9474	18348
8935	17545
2689	10836
655	10650
9163	17897
3762	10526
3211	11177
1055	11523
358	10134
6302	14492
5535	13596
6467	11590
1229	12807
1705	12507
972	10707
3369	14099
4066	16013
293	9860
1889	15253
5001	13258
6190	12894
3346	10439
4338	12685
2303	11042
5203	17795
2261	13785
7701	15412
2436	15772
7704	15417
5775	14988
8027	18322
5829	13238
1735	13860
3648	17957
3895	11418
6768	13113
4304	9896
3349	12184
2822	10681
9408	18249
6180	14111
5521	13243
1464	9546
4769	13379
165	9809
4247	14502
8572	16930
6387	10913
1581	13514
4277	16330
5474	11855
5477	13092
6987	13803
963	9910
2174	11520
2330	11804
4202	10908
6281	15748
7506	15041
5167	18649
2584	16235
1284	9857
6698	12774
8697	16120
7191	14333
2581	14890
5963	14247
2031	15160
6630	12495
3106	11513
9070	16752
4657	13945
3115	12730
718	12721
4133	14699
3075	13331
4384	16038
6421	11274
5175	17025
6183	15832
2026	15203
6737	12971
3005	14026
9147	17874
983	13140
1377	10327
7096	14072
5269	10015
9031	17699
3269	13089
7725	15448
7775	15565
1123	11844
5397	15798
4779	10501
6833	13325
2439	12460
5393	13060
4104	16226
8901	17481
9304	18100
3107	9886
6407	11123
2458	13641
3177	11527
7939	16962
694	10246
7918	15856
3561	18054
7756	15528
9516	18400
3368	11997
8476	17840
8944	12990
995	10359
7469	14946
7519	15063
2045	10331
9126	17841
3558	12279
10	10674
7760	15539
7667	15348
2075	13593
3207	10709
4423	18850
1586	10692
3743	16610
861	10665
7641	15295
7404	14830
6666	12649
6729	12934
9399	18242
5661	16513
2486	9757
736	9559
1320	12505
9169	17901
5031	11098
3998	17896
3533	18062
1950	9639
7120	14145
134	18243
2416	12852
9389	16857
6815	13280
5249	13657
2469	11924
3105	13828
5761	15000
2698	10966
1803	15483
762	12069
4526	18402
773	11181
4166	15386
1282	11058
1468	10016
7562	15136
2495	11051
4068	13279
460	9674
7306	14621
1344	12875
2209	16817
71	9569
9167	18484
3538	11737
4735	11463
5862	10221
46	10973
9008	17673
2157	13099
2711	12453
2592	10287
5142	11063
403	13196
2928	11670
2033	13972
5319	18280
94	13609
4782	11925
8331	18333
5802	14721
6786	13171
7134	14177
2786	10045
5134	18005
7013	13887
7257	14513
5084	13458
173	10869
6000	13430
9379	15980
8240	17656
685	10034
936	9616
9106	17807
4381	15903
4386	15752
131	9596
6772	13128
2376	14203
3897	12326
4848	11353
7243	14470
9340	18159
473	10235
906	13012
1330	12256
4821	15047
8482	16529
9270	18036
979	11504
8812	18390
3752	14015
7888	15790
4992	14636
8319	18228
3199	11624
1864	9682
2613	17125
110	11765
827	12840
4394	11388
8284	15911
6356	10459
2488	13868
3171	11646
6106	10284
4746	14472
2180	10719
2908	11946
8766	16301
301	10407
6078	17769
4022	11903
4569	14287
6725	12921
1410	9754
9364	16664
8309	17782
3916	9706
427	10896
6984	13791
3940	15661
2721	11194
4634	12322
3482	17937
3861	12106
5992	15379
1639	10637
7072	14025
270	13285
499	10893
7933	17737
3888	13377
6641	12526
9044	17719
4804	17284
7586	15185
7844	15709
7560	15132
4452	11850
5859	17307
2313	14351
1850	10160
88	10662
7051	13979
1775	12201
7618	15258
4163	14901
7901	15812
8720	14683
2278	12263
1968	13269
1438	14272
2866	12433
5546	18429
6945	13674
4046	12515
4870	11464
2905	13364
6862	13410
2054	9522
1782	11049
8053	17522
4672	10173
5114	15244
4103	13170
7989	16985
7908	15828
1640	17008
489	11248
3145	17604
2433	12443
7715	15433
9327	18141
3209	10449
7718	15438
562	9740
5715	12845
283	10096
212	9627
2108	9879
7192	14345
1638	10603
3871	10955
3026	13832
268	9643
9491	18370
3364	10858
5072	17704
3608	11484
4227	15922
8497	17926
7082	14042
4372	11587
3121	14779
254	9637
3911	13592
5733	12912
4067	14105
1082	11711
6068	15871
9292	16561
7689	15393
4906	15843
5338	12053
3342	14603
4264	16376
2359	10642
810	9976
961	10374
8030	18059
2147	11173
2685	14720
8509	17010
804	10804
7036	13939
5344	17358
3899	11380
5817	15363
2312	10422
6338	10339
1584	13655
1359	10275
7291	14579
1289	12431
3849	11680
9021	17013
2703	12414
8573	18809
4956	16616
572	12790
3693	12335
5434	11895
9359	16641
2878	13061
1513	17400
7462	14932
6774	13134
5020	13460
3834	17801
1247	14662
2761	14849
5559	14936
7929	16505
386	10132
548	11362
205	10996
7702	15415
6783	13159
8972	17605
6465	11574
9395	18233
1322	10877
2499	14825
1835	11398
2829	12485
7476	14964
1624	14598
2056	12040
2730	12479
1566	13610
6380	10833
3193	14869
6507	11840
1137	10952
2078	10981
1720	11044
3239	12770
2989	14810
2963	11145
8907	17489
4034	16653
1136	10700
3260	13997
2329	14656
247	9555
8946	17565
5847	13874
298	10274
3580	16567
6624	12482
6591	12305
6818	13287
4648	13964
407	10446
8911	17500
3023	14700
3150	14246
6759	13057
1234	10080
2020	15190
862	10437
6471	11607
9129	17844
607	11379
2202	10242
4096	11128
7034	13935
4864	10936
2757	13618
6600	12367
5999	14887
3215	11500
8903	15932
732	10219
2524	13797
5238	14156
766	16633
8154	17470
3462	13528
8255	17293
1316	10886
7496	15026
7773	15563
2055	11225
7910	15834
3495	16859
5091	13850
9103	17804
8633	17589
4323	13712
6412	11161
3155	10523
6174	16702
1523	12532
2072	11542
5582	14612
5217	11710
3080	10120
4122	15156
170	9526
920	9758
6314	9808
1532	11305
7454	14921
4809	12824
9000	17275
9117	17823
5980	18270
555	10047
3980	16914
3892	16801
2043	10733
6512	11863
5741	16712
3623	11917
1608	12239
3559	14376
9307	18105
9066	17750
551	12264
6036	11116
1565	14757
7396	14808
3363	13683
3948	12387
2074	15802
6397	10987
8964	17594
975	13615
8822	16427
517	9768
5178	11364
6960	13729
7402	14828
9153	17880
7374	14766
4626	18206
6981	13788
4405	14531
5513	15262
2361	11671
2744	12641
8905	17485
7647	15305
7199	14361
5415	10903
4204	11279
2282	11792
67	9545
7202	14366
1037	16950
7220	14420
1730	10232
6620	12469
5940	16911
5790	16149
6650	12577
2364	11309
2763	11543
3117	15976
7614	15249
6332	10201
6920	13606
8999	17655
6005	17427
8250	17796
5919	11725
8183	16574
898	10762
7467	14943
7030	13922
6885	13504
5949	18020
7438	14885
4893	16698
160	10503
9192	17942
5186	17216
838	10832
3864	12998
6301	15331
5758	11376
9090	17786
0	9625
1839	10767
9101	17800
3100	11447
4638	13452
3234	13662
2528	14668
7478	14970
9427	16509
5141	11794
4134	12872
7941	18343
7480	14979
178	9752
4434	16776
150	9690
4258	18765
8981	17627
5414	16009
8786	16634
4524	16440
2726	13084
9268	18034
7886	15788
5277	16125
2391	14676
6457	11511
424	18681
900	9750
316	11914
7919	15857
2672	13090
7800	15613
2356	16496
7187	12646
7287	14570
7973	17490
5753	14899
541	9938
300	9583
3266	11735
1846	13398
1266	10342
7721	15441
3091	14326
3206	15067
5374	10823
4300	15109
8114	17587
2371	13219
4573	16961
2369	14341
7742	15500
7477	15754
1203	11198
8455	16604
7142	14192
3601	11580
4831	14223
7405	14831
7265	14528
1446	11333
6996	13845
3652	11747
2833	12647
937	10934
9099	17056
3402	12804
6475	11635
1867	14517
7326	14659
6073	10837
5396	12810
5323	15449
8611	18406
7121	14146
7000	13856
6795	13195
9501	16174
4750	18970
2756	10535
5536	13463
5648	14458
999	11115
398	15621
1518	15652
9513	16413
4348	12510
5932	16617
2957	14911
1472	9763
2826	16148
1200	9829
6811	13260
6167	17359
9283	18058
2529	14814
6689	12745
1257	12965
162	13930
9059	16034
771	11005
2797	14750
1554	17803
1963	16510
6392	10953
863	10715
677	10296
1081	13274
5425	17967
6542	12065
9489	18368
4723	14248
9445	18298
2950	14066
5672	16346
691	12301
5719	17855
6598	12347
9033	16260
7852	15724
779	10320
1343	10362
6009	12891
3096	12026
4360	13270
4418	10471
4824	13862
6992	13819
1226	10716
1625	12448
2284	13316
7705	15418
9317	18126
5019	15535
7285	14566
6153	11034
2832	12892
2326	12266
6536	12004
3690	17087
3914	13597
5285	10995
8438	17928
3216	13003
4297	16718
5987	12435
8194	17982
3963	10951
86	16526
9215	17970
4426	16310
7215	14399
97	9710
153	11039
3566	14405
1878	12870
2007	10540
4794	15430
723	9620
8873	16405
3360	13253
1890	13109
2112	11761
4677	11354
3051	11865
5365	14091
4639	12001
1201	10268
428	12038
730	9636
5449	12220
5261	12169
4466	16624
7621	15265
5125	10847
4226	11953
4460	15274
7349	14698
305	9995
5673	16435
1242	10282
1149	10091
7902	15813
8846	17833
7637	15286
8019	16105
3428	12215
2850	10023
4302	10756
5248	15626
7137	14182
1225	12974
554	10820
7804	15628
3520	10757
2362	14406
841	9830
6813	13267
560	16233
338	11690
8581	18703
2819	11878
6306	17637
8928	17535
8931	17540
5209	18263
4700	11741
4732	12942
815	12931
426	9709
942	12514
4878	17382
4178	12275
5542	17133
2846	12590
9346	18169
3687	15192
4155	14543
1569	11858
5712	13114
1585	11573
5533	14280
5051	18966
8987	17418
4808	18979
7384	14789
4963	13669
5071	17632
6041	18133
8620	17661
3324	12521
6755	13046
6075	12240
9127	17842
6455	11478
7790	15598
6537	12005
2540	12560
1091	10075
2221	10565
1885	12336
2153	15534
3254	13071
2560	13414
6188	14224
4037	17129
3617	16543
7213	14395
4778	11916
5607	17625
7474	14961
3931	18130
2651	13717
3062	15237
89	9928
3645	13343
6785	13167
8445	16064
6609	12416
2299	13494
6803	13221
1006	10539
5108	13218
4505	15140
7956	17041
3827	11778
5464	13496
8958	16033
3322	10330
2783	13957
7103	14092
3706	14642
1061	12811
1555	15332
6789	13178
6973	13753
7003	13861
139	9762
3824	13062
226	9687
5599	15239
3548	11437
2873	14008
4726	10655
2145	13040
635	11548
7391	14801
7007	13872
5078	18398
2277	11129
1335	14110
4531	12523
5539	16019
682	9529
3890	15873
5251	10597
502	14257
1371	10505
4545	15575
6324	10058
2588	15838
5656	13571
5640	15024
8673	16937
5304	15075
8640	16760
600	9581
7014	13888
7138	14183
2945	10891
1575	13166
6309	9642
9421	18264
674	11223
13	10989
2525	13688
3803	12844
9107	17808
7319	14645
1324	13934
7152	14239
8313	16257
646	10343
4114	15860
4257	13428
3959	13771
1573	9979
9504	18383
6655	12615
1866	10726
7781	15578
7117	14137
9432	17231
7984	17371
5647	12946
4900	18381
3721	15003
533	9769
4110	16010
2665	11200
2773	15200
1505	10050
1851	10458
5522	12133
4393	17503
3311	13563
3716	18981
4693	14237
455	12451
3624	15191
3014	11246
612	11122
4567	14771
4483	11919
472	10590
4902	13300
246	10772
6366	10660
9471	18340
4803	14755
6635	12511
7992	16161
9088	17784
4799	12569
1605	10001
5417	12847
7027	16943
3954	15897
6282	13820
7099	14079
1493	12160
5997	16842
954	16083
5446	12767
2292	15519
1645	12968
6787	13174
3251	16090
314	9980
919	12046
3264	11599
4243	11691
7587	15186
2845	11386
3275	15171
4070	16314
8751	16162
3842	13454
7204	14374
3873	10781
7052	13980
9125	17837
7055	13985
1408	11311
4205	14674
6280	12188
3846	15495
4082	11076
2617	12030
4224	11425
4220	10717
5197	11931
4770	14567
2407	11402
3448	13126
2706	13950
4805	10589
2673	12312
6728	12930
2515	14089
9015	17682
7719	15439
8326	18103
1729	10413
2844	10100
1376	10554
2812	14726
1943	14048
4625	15209
5924	14717
1406	10433
3109	14949
2066	14384
189	10698
3647	15298
3345	11964
1052	12012
706	17791
6604	12382
2794	9582
5144	15666
2164	13350
656	12951
7884	15785
3486	18211
8952	17575
8989	17642
823	12310
357	11342
4691	15576
6820	13296
1273	12775
2018	11431
5507	13624
130	9579
5424	13855
2463	13804
5314	11768
5484	15855
1153	11663
1131	12547
3791	11734
1248	9685
761	13273
8627	18350
544	11289
243	9900
4074	15469
7346	14695
6685	12734
9193	17943
2345	13115
5223	14925
968	11738
8531	18992
4617	12900
748	10688
4628	10514
1954	11954
4333	12323
9035	17707
6150	10067
5003	15272
1825	10497
4826	11963
5357	16029
6441	11411
400	12341
4918	12195
7356	14716
5346	10915
3391	12271
4286	13904
6087	18763
2508	13415
8608	17266
4306	13775
6422	11290
5152	12483
1795	12432
5807	14400
6741	12992
9120	17828
3826	15501
1004	10361
6273	14321
3128	12463
1044	13143
2283	12371
4678	15488
2534	9738
2669	11131
327	10792
3628	13917
5233	16915
8218	17848
1353	12622
9002	17664
2111	11217
6202	13515
9199	17949
5610	14357
2243	16742
3389	17728
9013	17678
341	10030
3305	13533
5674	14005
2341	11571
1618	15377
8241	19040
743	16318
2823	12190
3592	13455
1119	9664
2466	10640
2335	12143
1285	14800
3611	12650
8714	17395
3788	13286
6623	12474
5038	16773
3610	14411
2032	17703
1146	13180
2419	11467
5	10057
440	9985
3945	9907
7145	14212
1598	13691
3920	15512
1368	16612
7591	15201
924	10448
6543	12077
918	10670
6546	12082
7035	13936
973	13760
6062	18799
2093	11539
7347	14696
7624	15270
2328	10130
1827	12063
256	9652
7530	15083
4875	16499
6874	13466
8453	17946
6583	12270
2474	10598
2966	13275
7312	14631
6706	12835
2747	12450
5181	14741
2626	9945
7135	14180
5399	11702
2197	11754
2493	12570
7398	14819
108	9646
1338	11498
9388	17150
3506	11455
2795	12346
7774	15564
3180	10467
117	10109
217	9818
2483	10310
4181	16468
4465	14012
2441	15497
8246	17774
2170	11247
2452	12128
5853	16423
9351	18170
3367	11232
7835	15695
3779	15118
7807	15633
9221	15882
6704	12802
7244	14473
8405	17245
5382	13576
8859	16661
7505	15039
5139	14343
7219	14416
7458	14927
6529	11983
112	11054
193	9730
5572	18022
670	13038
5563	17007
9515	18399
1953	12538
2204	11137
526	10815
4053	11277
6439	11393
2471	17079
6659	12628
3923	15139
7226	14432
8320	17443
9383	16186
5549	16964
4714	15345
2981	13101
3507	14379
6406	11108
6736	12969
6944	13672
7706	15419
9318	18127
2086	14356
7020	13896
4413	12091
2011	11967
3668	13923
2900	13297
3210	9847
6160	16421
6215	16091
2934	14867
3567	12070
2777	13348
7648	15306
9241	18001
3761	12057
5925	15736
240	10555
3003	12873
6950	13692
4603	15490
4923	10513
6621	12470
8694	18542
4222	12388
3649	12755
5032	10685
2749	12727
185	9572
7048	13971
6642	12529
7497	15029
4009	16710
2013	13073
7615	15250
5287	15112
6696	12765
32	9744
9176	17912
3675	16541
7183	14317
450	13640
7275	14549
7418	14857
7278	14554
1391	10178
7364	14742
7622	15266
529	9624
7339	14685
3997	13451
8076	18856
4716	12118
8853	17730
3650	12589
1155	12008
1008	12712
3250	10403
2004	10004
188	11667
7533	15086
1356	12412
420	10512
7536	15091
6426	11318
2177	17479
3020	16707
1946	13382
5339	12632
1726	12884
549	10104
342	10040
5184	11297
1546	15397
1293	10787
7196	14353
317	12198
8179	17533
5751	14010
8982	17628
9054	17733
9110	17813
540	12620
6376	10800
2663	11114
2964	10288
4495	16040
9	10217
5463	11476
9454	16805
1617	10739
8354	11764
1230	13188
1808	12936
5275	13118
3578	16984
1381	11142
7855	15729
1259	9984
1198	12189
3818	15653
702	9807
9186	17929
409	11211
872	10218
2692	11643
2258	12583
6699	12779
9073	17759
5523	11355
1323	10090
5232	16841
5402	13051
483	9884
5543	14222
9011	17295
4820	11383
1154	10991
6021	11753
4629	13249
3569	14023
2779	15853
5057	14221
8909	16200
359	12679
4598	12889
1785	11733
6848	13373
3852	14496
8223	17831
4813	11730
5286	18366
2967	11595
9232	17994
4473	14062
6997	13846
1092	11631
2317	10961
1349	12492
6337	10309
2401	15506
7585	15184
3316	16071
1807	12552
632	12585
3720	14434
3379	12155
4416	13383
2943	10312
8973	17366
2008	17911
3068	12707
8995	17650
5483	15739
7050	13978
37	9608
1358	14796
4274	17356
2400	11201
7434	14880
6054	17662
2343	12424
373	9742
7757	15533
8042	17917
74	15044
4764	13958
9134	17849
9206	17954
8647	16041
7188	14329
7963	19021
6067	18540
5574	16392
9287	18064
4968	14138
6227	15496
9396	18236
5855	17839
6906	13569
3547	12654
1900	11157
6303	13010
7736	15487
6393	10954
2044	13501
8334	18038
4031	15103
8096	16409
443	10430
5642	18081
1262	11250
1243	11008
224	9568
8439	16519
7448	14912
588	12245
8908	17492
2129	14255
5489	15543
3596	11361
3312	11602
4747	12691
318	9617
2185	10363
4052	14115
1286	11994
1318	14161
4454	16495
9301	18096
9254	18021
2931	13078
9184	17925
9277	16692
6646	12544
8158	17529
6381	10849
3521	11833
231	9998
7426	14870
8955	17580
233	9815
57	9589
3329	15194
8605	18635
1394	11540
31	9536
1662	10308
454	10164
4294	15058
3853	15581
4952	14735
9303	16169
1152	13589
5295	14845
6709	12842
7479	14975
4273	14302
589	9692
3870	12902
5234	11307
6147	15475
5930	13262
2731	18227
515	9891
890	9805
4787	11261
2803	13111
6503	11811
9235	17997
7483	14986
2956	17527
4200	14884
695	9943
1327	10156
2583	13754
7753	15520
2230	11421
2476	10659
9411	16358
6582	12262
5219	10029
3642	12499
9311	18113
2133	11195
4293	18845
6122	13445
6533	11996
3174	11576
9392	18223
299	10774
1414	10461
6121	15435
7437	14883
602	9994
6978	13780
1880	17515
6904	13565
8965	17597
3626	15793
288	9834
2249	11676
8763	15921
9098	16140
2778	13417
1763	10470
5326	13366
8185	17607
597	11986
1603	16870
1460	14081
5491	14342
8932	17541
9247	16384
3046	13353
136	9561
6368	10710
2543	10783
7493	15020
5810	13829
9357	18178
1551	13152
7325	14655
1628	12618
6929	13635
181	9977
2029	10454
7271	14540
7178	14312
6870	13442
5677	10159
1296	9785
793	13631
8480	18440
3387	18355
5113	17930
156	10041
3661	14164
6343	10370
457	12369
7031	13925
7791	15599
7564	15142
3035	14116
7250	14494
4199	13695
2798	15637
343	10025
2586	15946
5220	15410
2421	11220
3857	15392
5882	17744
1737	14200
5054	13391
6045	12783
245	9867
353	16045
6012	14592
1021	12303
6146	17561
4212	12587
9208	17960
7310	14629
3129	11162
7313	14634
5643	15368
4989	12400
5866	15413
3815	13826
3188	15125
679	10445
8527	17868
5270	15015
5263	11821
1856	10192
9094	17161
429	10455
7500	15032
5351	10887
7777	15569
7503	15037
6732	12945
5107	15896
9179	17915
3541	11614
7916	15849
3922	12208
7421	14860
6027	14031
9263	18030
8256	17876
7086	14052
6081	15728
6721	12907
599	10169
2885	14548
9390	18219
6627	12491
9462	18324
1716	13349
1303	11719
9393	18224
3928	15527
6039	17919
3167	12167
8545	17834
8963	17593
9142	17861
2960	12857
7898	15808
5869	16195
1139	9517
6942	13670
5073	11831
5926	13733
4147	10619
191	9714
9084	17775
1644	13072
680	11339
2068	10101
2348	16571
1276	12087
6830	13321
3956	11172
6416	11237
750	11519
8449	17614
5061	14049
7100	14084
2977	16715
9229	17991
2440	12309
7546	15110
7943	18947
9116	17821
796	9541
1321	10180
75	9781
4882	15925
3741	10587
1048	11977
2387	11143
5929	12179
896	14323
2517	12421
4728	12977
7181	14315
3789	17653
6495	11772
6166	10550
6563	12172
3130	14984
1045	10137
3660	11537
5311	17620
2095	12553
5804	12534
1384	11000
8116	16636
3503	12987
2995	13483
1033	15617
7638	15291
2358	10684
775	10663
1194	12044
5409	14600
1615	9822
1441	13907
2357	18043
5598	12671
3461	9849
250	9852
3166	14398
5867	14818
1693	10536
5301	14141
6586	12290
6966	13743
8980	17626
1270	10884
1294	13456
1380	11244
4268	15957
2052	14037
9180	17916
5950	14708
1970	11460
5115	15829
6747	13002
3044	15990
1409	14281
8998	16340
4497	13686
5081	18581
3947	14451
6819	13292
6975	13768
2766	12454
6362	10572
9068	17752
3455	11215
6555	12135
1164	11373
4063	14518
902	12127
9465	18327
3095	14063
5760	18990
724	13023
2771	14905
5567	13613
3702	15414
5028	15550
7170	14286
9100	17798
1949	12703
5696	15420
8896	17473
5860	17477
9425	18268
6316	9880
9337	18155
980	16224
932	10060
42	9525
811	11985
2917	9832
4119	13608
2837	15730
3509	12107
4305	12014
5953	13625
1163	11097
9490	17286
2091	18771
4663	12890
8993	17648
6794	13194
4543	17440
4077	11517
6673	12675
1718	9814
425	17934
2624	13757
6109	16245
2828	12769
1833	9737
3760	12749
4184	14245
442	10411
6323	10054
364	10720
6430	11348
4308	15708
5545	12352
3408	13731
149	10014
847	15011
613	12629
690	9614
1787	14586
5228	13584
6398	10992
1133	13567
6219	13235
1755	11106
4149	15018
7141	14190
4011	12344
7066	14016
7780	15574
2016	12315
7069	14021
8211	17746
8196	17623
3070	14917
8897	17441
7813	15643
5605	13318
6742	12993
6403	11083
4350	16068
2070	12672
4310	10519
7787	15590
5077	16582
9055	17734
2902	15454
5666	11958
4515	16549
6516	11899
3078	12418
3198	17667
3136	16560
6111	14065
5684	12537
629	10492
6551	12122
5709	17963
3546	11705
2720	13841
3265	13412
1634	11179
1118	12117
3695	11010
7229	14437
9367	16666
2620	15596
5180	15074
5509	11866
880	11656
3426	12956
5685	10816
7712	15429
2148	11292
9324	18137
6268	18721
3278	11782
3582	14408
1909	12444
4071	10600
4721	11648
8793	18097
9022	17691
7679	15373
9222	17981
1171	12599
8867	17753
9467	17031
6879	13482
8095	17947
7079	14038
9061	17740
930	10968
1680	11429
4266	9684
9258	18025
3924	18551
6157	18866
6181	11612
5819	16592
365	12098
5110	15149
8224	18182
1574	11649
628	10522
9182	17922
4860	12759
2642	10241
143	12399
9050	17214
234	12554
3973	12441
8996	17651
49	10293
2700	11350
7058	13992
508	10053
3347	10932
2199	15040
2949	16026
1784	12546
7625	15271
7628	15276
3127	11868
6463	11567
7342	14690
7435	14881
8410	16480
3087	10483
3186	16878
3160	17643
9189	17938
7895	15805
6363	10582
5043	9968
5435	15447
6148	14565
7111	14124
2316	11252
8473	18118
867	9999
3365	10814
4879	9981
7604	15225
2050	13762
1792	9791
8930	17539
7607	15230
3513	11880
5336	17252
7836	15696
2215	17212
5064	12363
21	9655
7323	14653
3740	14259
9345	18168
6530	11984
7118	14140
9160	17893
5123	16097
9266	16599
2896	18714
3187	10784
377	14807
9360	18183
3869	14036
3149	13158
6310	9658
5200	14250
1167	9944
4176	12732
95	10664
913	11525
266	9728
6778	13146
7227	14433
6572	12223
5103	14704
84	10367
6899	13557
3384	14344
7334	14680
6782	13157
5947	18708
5126	18973
1002	9890
7868	15755
6478	11662
2432	12032
1590	11228
2422	14764
4605	17702
2886	10438
1544	12280
833	10727
3467	14355
6927	13632
1687	13268
6740	12988
8350	16293
7682	15376
7501	15035
6697	12766
4424	15267
7977	16721
4802	18108
281	10106
6163	12832
2519	10765
6364	10607
5476	18052
3905	11935
3537	10785
658	11490
1960	16665
943	18075
6989	13813
7419	14858
8575	18747
9064	17743
7422	14863
9261	18028
849	11206
3636	15867
4635	15837
864	10319
6492	11731
5117	10656
7365	14743
7340	14686
2954	16183
834	10790
5584	12724
3712	12600
2046	11349
4248	18730
7212	14393
1470	11647
7631	15279
6242	10105
7537	15092
6498	11788
4622	17601
1637	11006
5452	10474
8281	17990
6266	18046
4203	12958
6601	12374
5168	9668
2862	15668
4018	13407
488	11213
6263	17748
4262	11323
1724	10372
7021	13899
1511	10493
58	9535
6269	18172
1405	10511
6377	10801
1288	11912
7749	15513
746	15241
5651	13814
759	10521
9380	17157
7272	14541
6453	11469
5155	17030
4183	13487
1497	13604
1958	10552
7486	14995
8746	18941
8209	19002
1179	9996
1220	12020
2598	14561
6676	12682
9074	17760
6897	13553
1861	11787
2487	14693
6484	11694
8646	17727
728	10245
4500	16927
4283	11974
1879	13009
2536	15753
6801	13212
1319	11854
522	10298
3932	9946
1148	11743
2455	17491
3577	13919
664	10876
1173	10753
3139	15679
1852	11041
9209	17961
2677	10895
8475	16919
6925	13628
5744	17788
727	9885
8610	18541
1809	11344
1753	11449
1832	11742
6964	13741
947	13042
8025	16575
4540	17507
211	10907
1886	15361
4585	11507
2616	15880
7299	14606
363	13112
370	9853
3589	12185
8122	17797
135	9986
179	10258
5440	14128
7521	15069
7282	14558
7189	14330
5993	11308
3181	14992
717	9789
4704	17362
767	10549
2222	10570
4142	13394
928	10911
38	9622
8159	17692
7147	14225
884	10087
3270	14633
9321	18134
7740	15493
2163	18742
7289	14574
3868	14996
908	9626
3657	15981
949	9923
6480	11668
5750	18733
5325	12848
3622	12496
3494	15694
9423	18266
552	9698
3229	15948
7449	14913
5832	11632
4039	13013
4827	12342
630	10557
9219	17978
7651	15313
7654	15318
3204	10643
1488	15691
8821	18053
5820	17112
2919	10925
7482	14982
8505	17524
8904	17004
3627	18330
2161	11475
848	14055
4320	14581
5797	18296
1084	14002
1712	11127
387	9644
4695	16858
2565	14978
9514	18397
7891	15796
7514	15055
7567	15147
2961	12440
5237	16360
845	10229
7797	15609
2140	12476
3551	10993
9049	16991
6052	17246
5138	17549
3586	15646
3839	13611
3343	11229
7367	14749
2198	11370
408	9824
6977	13776
8926	17530
5858	16828
536	10009
4472	11430
7574	15163
7832	15687
2765	11639
7983	17317
7639	15292
5354	11589
3359	13509
744	9894
7262	14524
6228	13513
125	9593
4036	14956
7114	14131
9397	18239
9156	17884
1047	11100
405	11633
6339	10348
1898	11909
1646	15337
2780	11065
1539	10515
3784	10921
3247	13160
7295	14593
2193	12473
5548	13646
4744	16332
6869	13438
6315	9846
7223	14424
6521	11937
6199	16087
4464	13016
1040	11218
6816	13282
6476	11642
1526	13326
1675	12897
3915	14908
1537	10977
7330	14671
1354	9772
3	11306
8755	18196
5501	14594
2522	13937
7441	14889
3162	12311
6799	13207
5532	11665
7146	14217
3782	13453
4334	14195
2159	12313
1801	10124
4791	13616
9006	17670
524	10146
2218	14879
1547	12688
9322	18135
578	12826
8367	18208
3088	16684
6186	10324
9403	18245
4223	16434
6131	17255
2146	13663
229	10844
8976	17619
8429	16992
1439	10768
91	9567
2863	13425
1070	10147
8020	16649
8882	16156
7049	13974
3484	12954
7685	15383
7361	14734
3108	11391
7849	15720
5602	12272
784	9911
7936	16133
933	10384
3918	18965
9368	17338
3800	13991
8282	16891
2573	11390
6592	12314
5587	15010
2464	12386
1762	12868
2607	10708
2890	16924
6409	11146
4079	12359
2924	15259
5554	18216
7089	14059
5972	13545
1504	10479
2619	12152
7063	14006
2913	10118
6042	13954
237	10694
6333	10225
7767	15556
40	9591
8198	16008
4863	17665
3927	13779
6568	12199
3572	15308
5294	13687
5786	16364
5022	15214
6756	16865
4836	12580
3339	12562
7504	15038
570	12910
6867	13434
8544	16537
1961	15161
6918	13601
4514	16851
4312	18851
5215	14454
7465	14938
2451	10945
6415	11216
4647	9917
4342	11267
1017	11397
7899	15809
1287	12978
2569	11610
4287	14714
603	12282
6943	13671
2165	12429
6946	13676
7634	15282
3563	13865
1925	10498
6780	13155
3535	9602
1830	13607
7490	15008
1695	13419
161	13519
6175	15906
5979	14045
1065	9761
8899	17478
277	11371
2217	10912
3875	15951
7550	15116
2858	13123
6705	12809
3465	13572
1579	12318
9412	16952
7378	14780
7182	14316
3810	13462
4228	11235
7080	14039
645	10612
5628	14703
1375	11360
1419	11403
1964	12923
1401	13749
1509	11296
1636	15309
7338	14684
3446	15521
5283	18088
8759	18090
1589	10538
8417	16111
7161	14270
2175	10110
8203	16825
7059	13993
7256	14507
18	9524
3681	10850
1253	11757
5977	13436
5245	17688
4739	13386
2113	11568
1423	11121
722	10256
5765	10749
5667	14415
2530	11856
4811	18106
2136	10010
1162	10033
4035	11957
6178	13547
1973	11938
8423	18154
1403	11822
3505	18558
6914	13588
1480	15159
8190	18067
9175	17910
1707	17309
9265	18032
3045	12278
9302	18099
3392	13554
7388	14797
6793	13190
5179	12358
292	9638
2410	10003
1978	14510
1116	12788
1350	12726
1064	10154
627	10153
8916	17511
2968	12216
6404	11099
4002	12961
6734	12960
6674	12680
53	10524
8829	18525
8170	16674
8956	17583
6050	15482
1431	12018
1332	11258
348	10593
5618	10311
3221	12517
4903	18179
836	11808
354	9590
8769	17878
7370	14756
2628	11185
372	10398
7600	15218
564	14769
8205	17247
1588	9871
4398	13469
7316	14641
9473	18344
239	9724
1027	11268
7241	14467
9338	18156
7869	15756
4897	11315
3381	13041
9225	17986
1567	9640
598	11239
5689	15452
4240	14428
157	9547
2562	16092
1015	9578
9334	15943
4206	14551
1188	11980
881	10517
7947	18951
1378	13538
2610	13810
4261	13440
1962	14003
1143	13900
2553	14178
7692	15399
7922	15861
379	13689
993	13094
7185	14319
3723	14969
9108	16660
6372	10769
3223	18066
7206	14378
6197	17598
1694	18510
485	10530
2454	10277
4530	16058
308	9850
3718	15914
2603	15998
8107	17869
693	10186
2680	13478
997	15256
7527	15079
3321	13245
1664	12043
3029	15288
2394	14777
3101	14410
2593	13940
322	10135
9040	16209
7445	14902
3028	10899
6221	16211
1087	11658
5687	12076
1444	11932
7584	15182
2727	10678
416	10672
2914	12719
7814	15644
684	9669
2554	12147
2122	14476
7412	14846
8239	17513
3986	10723
7124	14150
2941	16464
9498	18376
7452	14918
8699	16976
9363	18188
6517	11900
4896	12112
7619	15260
3658	15738
2211	13097
6733	12952
2548	16691
7821	15660
9137	17323
3576	12666
9133	17847
3395	16977
3242	14483
9458	18317
6046	10157
4548	18582
1300	11082
8922	17519
2480	13150
7368	14752
2006	17660
9325	18138
6132	14546
531	10793
7314	14637
7017	13892
800	12085
374	10930
6500	11801
7577	15168
6245	13497
1873	10728
3901	14812
8421	17600
9183	17923
6105	17287
6139	18332
2634	13162
4217	12200
516	10353
7425	14868
3399	12736
1416	11549
9450	16173
742	10292
8587	18427
590	10652
406	10077
3962	11802
4242	16286
9190	17939
491	9892
6824	13308
6458	11524
3971	15005
1930	13840
5956	17958
5039	11611
1661	12898
2965	11060
1936	12608
528	9895
8112	18026
780	18518
1828	12782
7608	15231
4430	12442
4913	15299
2196	14117
8968	16146
1291	14011
4059	12206
4169	13798
6417	11240
8188	18142
2288	13827
5614	12084
4151	16117
5591	12366
5527	15054
5384	17220
6246	14512
3481	12350
821	11473
4439	13551
8680	17557
3907	12229
6436	11374
2504	13307
4172	18805
8384	17680
1369	11692
7819	15656
333	12823
8321	16577
8274	18451
3737	14154
4098	15328
7157	14261
7005	13867
6210	14158
525	13932
7252	14498
5588	15572
9196	17945
9456	18313
3194	15043
1097	11125
2855	11147
121	10321
4109	14147
1592	11067
3876	10418
3050	15523
2088	12439
8966	16850
8142	18389
7798	15610
3409	11440
5755	12423
7164	14277
2100	12678
3213	10976
1599	10181
4336	17199
148	10279
6889	13520
8279	18808
6505	11837
5495	16404
2742	13313
6136	14185
9331	18146
6499	11793
3985	14646
4057	14751
504	13068
4076	12815
1725	13151
6928	13633
5809	12780
6159	11321
956	13579
5615	17344
1935	11419
3282	10675
1692	11661
3385	11096
2065	12697
8296	18051
113	11089
6444	11426
2618	13031
1372	12595
9262	18029
769	10841
2539	10644
3141	9931
2776	11230
2382	11828
8877	17292
5785	15967
7632	15280
3086	15593
2743	14436
3602	14197
8684	18065
9236	16821
6827	13311
6687	12742
2375	17194
7946	18072
5606	14625
2660	17592
2501	10594
3805	14418
3726	11873
8126	15909
1669	10737
6297	13203
1054	13093
7776	15567
2881	10771
3196	11829
6258	14672
6053	15731
765	9957
2918	17190
4246	16167
8902	17483
9443	18295
9308	18107
6656	12624
3946	12384
9123	17832
93	9914
6677	12683
9075	17761
4855	10919
577	9963
133	10252
8962	17591
287	11887
7520	15065
6093	15786
966	10189
6440	11400
184	10190
939	10766
6431	11351
6663	12640
431	9801
6903	13561
5105	12383
7671	15355
7764	15546
3719	11186
3777	13342
9210	17962
4743	14367
4664	11859
7642	15297
2246	17160
923	12865
9350	16252
9410	18252
3536	13172
7408	14837
2807	14423
7024	13908
8936	17551
3614	17377
4233	17126
6243	10081
8018	17920
9045	17723
3887	12059
5143	12917
2973	14348
5254	16397
1901	11584
8303	18806
1458	11280
9173	17908
6716	12893
8465	16101
6459	11547
103	10628
1107	10713
3686	10204
1398	10596
1250	10203
2413	10870
3030	13956
430	9912
3470	14228
7563	15138
5698	10752
4570	13526
3527	11729
7233	14445
337	9869
4786	12858
1829	10940
8866	16458
6456	11491
9413	18253
688	10971
7598	15216
3936	16744
7570	15154
7828	15678
5321	9610
7237	14456
2151	11112
492	10803
182	9823
3714	14601
7258	14515
8979	17624
1548	12475
1013	11148
9223	17984
7655	15319
2516	11883
2187	10661
2875	10998
1176	10802
6074	15078
3089	12684
5561	16250
8838	15554
2123	9858
5049	18061
7551	15117
518	10509
4188	12777
2791	11714
220	12801
3463	17476
3287	15530
539	16755
7892	15797
6617	12445
4960	10260
2482	15510
8015	17853
4790	13232
6939	13664
2909	12056
39	9612
6429	11347
4894	15046
6464	11570
201	9647
2801	14216
6135	16764
817	9650
2353	13006
1357	11092
7669	15351
3684	17192
4065	13851
6169	12820
3340	14615
3992	16527
2160	12089
6584	12281
3378	11874
9157	17885
5991	18597
1552	10634
4375	14952
6985	13793
3542	11716
6804	13223
1255	12104
5046	14073
9027	16728
4020	13448
276	10248
1869	10462
4506	11621
480	10243
7073	14027
6971	13750
7122	14148
1508	10456
6110	11472
6817	13283
5036	15758
7001	13858
9048	17726
2274	10861
2986	17779
7845	15711
9245	18011
249	9677
5796	14170
9400	16838
9131	17845
9373	17378
8373	18203
9128	17318
1290	11522
8316	18571
6949	13681
6402	11068
2947	14121
3475	12062
388	16036
412	10206
4154	14794
2843	13017
3667	14218
1728	9654
910	13866
4816	12698
2980	17452
3902	16973
9404	18246
2396	11739
5262	14707
4080	15784
7872	15763
859	10144
2030	12621
9416	18256
9328	18143
9419	18261
4668	14907
3996	14514
4272	15846
6681	12711
4719	14320
4368	13339
4485	10477
453	9991
4651	11412
7686	15384
3732	15343
7658	15322
4991	15718
6390	10926
5876	14125
3293	12677
304	11036
6806	13241
2109	10941
6718	12899
580	9924
1134	11264
192	9519
2921	13973
701	11382
6974	13764
7923	15862
5551	11416
941	11219
7090	14060
4842	13356
50	10230
1170	14425
2352	10904
1906	17499
5798	12232
5827	12933
9469	18337
7862	15744
6633	12508
5332	14388
7865	15749
3730	12627
1051	9751
7606	15229
2670	10432
8528	17756
5794	16139
4757	15096
3704	16812
7097	14076
3709	12689
8872	16253
1926	9870
2201	12061
4374	13079
2724	16266
2166	11020
6033	14327
2024	15811
4125	11328
4498	13825
329	9887
8933	16879
6834	13329
1034	11396
4275	15473
1341	11553
6549	12113
8450	16910
7815	15645
4401	15289
4620	12209
791	10591
648	12757
7466	14939
8357	16867
7125	14151
6605	12395
5612	15623
3778	12573
2434	13817
7487	14998
5104	14658
434	10475
6798	13204
5776	10069
626	10416
4560	12959
1982	12380
4546	16178
5337	12772
6784	13161
2976	16621
4929	13206
7255	14503
7905	15817
8113	18964
2709	14816
4406	18800
5173	17215
8779	17741
9326	18139
5030	10750
4599	15667
1813	11911
414	11004
3776	15105
7960	18614
1777	11170
2417	11796
6189	16492
2323	14083
6108	15106
7379	14781
2355	14301
839	11826
921	16325
5592	13240
3579	14160
3417	11846
1844	12284
5529	14123
496	11608
7882	15782
9370	18195
7300	14609
8950	17572
151	10341
3511	13881
6625	12484
5472	16477
8414	18272
1053	16831
126	9530
6055	17966
3734	12354
64	9820
6760	13059
7333	14678
404	10679
5486	12561
5281	15835
5083	17311
726	11144
3300	10520
5204	16820
4572	18004
7010	13880
5783	11508
8792	18460
1168	11196
5550	10223
6825	13309
5565	17701
6846	13368
2831	13088
1182	15682
5282	13562
1779	11471
7240	14463
8924	16522
8215	17257
820	9816
3525	15347
4733	13239
8967	16074
6262	13963
8151	16720
1317	11790
3218	12157
8014	17654
5058	11494
5350	16069
1582	12246
6776	13137
3491	16638
6003	17536
887	13266
6675	12681
4252	17867
8670	18345
1681	10094
5657	15852
198	9782
4364	15341
4588	10390
1365	10797
2168	10892
2149	10613
2717	11888
213	9767
2959	11650
2948	15958
1881	10569
3018	12230
9081	17771
9394	18231
7601	15219
2811	12920
175	10414
4311	16124
8002	16694
204	10068
3655	15675
1561	11503
7643	15300
3357	10999
5086	14292
6638	12519
681	11346
6142	12581
230	11410
7726	15456
433	9783
6002	11783
5638	16202
749	12877
3295	14214
7224	14427
7045	13967
2002	15423
6651	12579
2141	16521
2688	14933
3290	11066
5952	11265
6294	14412
4389	15360
2116	17107
4359	16420
6859	13403
36	9571
5426	14309
5166	15173
2298	11341
2740	10262
1594	13211
1274	9594
4043	17059
1481	12516
4129	13864
3320	14220
7528	15080
9130	17100
5367	15836
3938	14269
5068	14722
7568	15152
2351	15526
8848	17387
7238	14459
6515	11886
3792	12121
774	13714
2448	12052
439	17787
897	11017
6313	9806
6203	14135
9499	18377
7456	14924
3140	13713
1959	13443
1515	10019
2406	10227
2879	11871
8912	17506
7890	15795
3979	14175
6935	13653
4632	15457
33	9528
7395	14806
4499	13127
5617	12331
5942	10401
3041	12808
8923	17520
7693	15402
7858	15735
3135	14429
6823	13304
2537	9784
6841	13358
5387	13976
6844	13363
4614	11774
7093	14067
6556	12142
5883	15311
1308	14132
6547	12093
3809	18436
7018	13893
6254	14729
5457	14385
1101	10163
1765	11375
7064	14009
218	9550
5135	11890
899	10931
8913	16135
737	12101
7722	15443
9155	17883
4167	14882
8494	18174
1025	10289
7578	15169
7743	15502
107	15317
1786	10387
7174	14298
703	11406
1331	10746
8149	17092
981	10633
7409	14838
8833	17495
6123	13054
5770	13690
5722	12710
1948	10799
7046	13968
2094	10853
5635	13236
4195	11803
505	11283
9046	17724
7327	14661
9243	18009
7513	15053
8290	18357
123	9676
970	11238
8119	17980
7004	13863
7248	14489
4476	11385
1564	13145
456	9970
6070	16439
3568	9961
1298	11979
6222	15261
1036	9764
931	10236
5989	12286
2374	13135
1550	9719
2681	14046
7234	14446
4	9553
4582	13393
850	10247
3169	12588
856	11001
7354	14713
2041	9929
3123	10900
3999	10305
5060	15354
9286	16379
172	14240
6548	12105
3284	15692
7375	14772
873	14553
3949	16311
6025	17433
1665	11749
242	9731
2	9749
7875	15768
380	10604
650	10199
8012	18217
3241	11013
6014	11538
2838	11791
3309	17792
4255	15721
9468	16625
4850	11171
7656	15320
9249	18015
8516	18164
2172	10920
9446	18300
8293	18092
4608	11823
3111	14057
6744	12996
2816	12153
2814	11326
7879	15779
3038	14417
8819	16108
2281	10008
2102	11763
5450	12785
8820	17501
5553	12617
1110	16320
4536	11546
3386	16039
6700	12781
7286	14568
7709	15425
6842	13359
6371	10741
6863	13418
1346	12251
9019	17687
7723	15444
4884	16551
5014	11413
7744	15503
4332	14991
3355	12565
51	9600
3033	13039
6953	13698
1857	10898
7042	13955
6915	13591
6762	13083
5363	13637
1600	12410
3415	13720
4093	12652
43	9897
994	11139
669	11756
634	9520
2239	14733
929	10111
1216	11336
297	10056
7432	14877
171	9651
787	9883
1093	11158
8504	18772
1739	11269
4474	13259
397	10115
7062	14004
1453	9865
9197	17948
6432	11356
7371	14759
9422	17248
8546	17843
6922	13620
2937	12243
375	9952
4972	17269
7978	18325
812	10478
2294	12551
3424	18225
6079	18529
14	9680
4012	13965
132	9672
794	10286
8710	18890
1138	11816
7982	18151
5518	16920
7838	15699
2788	16213
4887	16299
4876	16635
7154	14249
2577	12997
2360	14231
6272	17244
3485	14340
7554	15122
1014	12396
4440	12806
7784	15584
7557	15127
6588	12296
1278	12213
9252	18018
1430	15199
8117	16632
3594	13465
87	10666
9452	18308
197	10043
1996	17273
668	9665
6838	13346
2687	15649
7931	18347
7303	14614
5799	11439
6886	13508
3469	13406
5986	13480
1826	11119
5404	17033
3534	11320
7794	15605
1868	14499
6606	12407
7672	15356
1658	11922
1450	10724
2005	13198
5663	14934
498	10506
8254	17697
6875	13470
1689	10188
1859	10599
582	10621
3114	10037
3685	14993
6112	14127
5341	16990
214	10639
5824	13431
7259	14520
3327	16453
6694	12762
278	13778
3991	11249
1038	11022
9174	17909
6428	11330
6214	17265
389	11781
5537	18743
8806	16466
644	10344
3682	16802
8945	17564
3530	12207
1355	13294
753	10745
3013	13903
6091	17279
6671	12670
790	13027
5728	14258
4141	11314
3697	9876
7595	15206
5682	13095
1893	12825
2084	12393
571	11384
8271	16428
3701	9702
6264	15113
2404	17888
6141	15716
8675	15959
3515	11683
6047	15529
7599	15217
6448	11443
7571	15155
7602	15222
2538	11408
1843	12078
5664	18945
3296	14204
8399	18949
3605	16945
4219	14364
2872	11698
1703	12943
3659	10994
3523	13385
3061	17232
8217	17602
760	11040
9111	17815
2265	10616
7153	14241
7581	15176
1610	12607
6596	12337
7297	14599
4346	13250
6710	12853
7025	13911
7508	15048
7269	14537
7785	15585
6871	13444
2578	13183
7729	15461
6370	10718
4563	11972
5965	15099
3225	18888
3323	10829
6511	11862
2648	11414
4289	10393
1056	10112
4591	16585
7301	14610
4854	15009
7696	15405
4800	16695
1947	11451
4999	13643
4767	9873
623	13347
6686	12738
4330	14487
1514	18924
6485	11701
9203	17952
2475	11728
7473	14959
4859	16642
52	10269
6579	12238
4215	12406
6374	10786
569	9741
5918	12758
5102	13367
4534	18279
2034	11204
2784	13651
6693	12754
3396	10502
118	10744
5833	17494
5658	13706
2308	13843
7077	14033
2691	13315
6791	13181
1032	11286
8743	16223
6143	14394
5355	10406
8040	18695
4449	14276
9402	16798
448	9693
8596	17866
6805	13237
3262	12242
2097	12963
5482	13786
7393	14804
9460	18321
5723	13848
5160	15657
2027	12345
666	13191
7763	15542
1340	15616
5579	14069
2305	11572
5954	11502
2260	9843
6993	13823
9140	17858
4618	10126
7737	15489
6359	10504
5189	10881
6259	13306
6472	11613
3957	13763
2940	14419
8807	18328
7109	14119
1696	16833
5082	9708
1778	17360
4366	13473
2182	14740
9420	18262
3085	14019
6911	13582
4705	14336
5042	11477
3049	11329
2612	11291
6526	11970
65	9766
7172	14296
4319	15468
334	9927
8986	17633
8418	18115
7544	15107
4164	11366
9114	17818
4361	15586
8612	17836
5131	13518
945	9936
9267	18033
8090	17202
7885	15787
6957	13711
3585	10871
7511	15051
7924	15863
1467	10691
6797	13200
1847	10683
241	9712
2235	10270
8703	18755
4911	14575
8419	18996
2939	12049
4922	18605
7041	13947
7350	14702
5411	12353
2854	12126
9285	18063
2389	12292
4385	10974
9009	16438
1178	11325
5106	14871
5937	15028
7834	15690
9036	17709
3272	14450
3768	12173
4712	13439
5011	12540
9477	18354
1246	10412
5781	18837
5227	13067
7357	14718
4621	15472
5333	11773
5388	13429
8598	18422
7751	15517
3267	16442
4738	10809
4698	15877
1823	11857
8390	16443
2220	14711
4099	15548
5928	9623
2310	12655
3993	11594
6307	9619
6745	12999
530	10070
9124	17835
6261	14118
7054	13983
2563	9802
6534	11998
7970	17927
6247	13402
9449	18305
4196	10354
8939	16971
7733	15476
9138	17854
513	10547
2073	10059
9003	17666
3303	11948
2076	9576
3499	13809
2547	13362
4501	18988
296	11192
2206	12574
5724	14007
2782	12212
1698	11057
9017	17685
853	10736
832	9859
831	10425
1223	15150
1942	10636
9295	18080
5362	12729
2984	15177
2767	16640
138	11141
7217	14404
4761	13263
4489	14790
2958	13727
291	9922
1972	12464
2570	11107
216	9748
3156	14651
6129	18499
9488	18367
4544	14618
7104	14096
4623	13679
7818	15654
2708	10933
4179	13702
4815	18050
7883	15783
7107	14101
4225	12357
5828	15474
3307	12955
9305	18101
686	16170
5736	13441
4504	17141
3076	12793
9455	18311
235	10821
7363	14737
3244	10391
2194	12819
7851	15723
5896	16288
2868	11043
4382	16626
2716	13389
7430	14875
1103	13233
29	11103
3934	10959
5085	14275
990	10323
6060	18089
2096	12405
6177	12258
3508	16220
79	9648
5422	18475
1429	12090
2704	11995
4998	18184
8169	17550
7829	15681
6647	12557
6358	10468
6979	13784
1251	12434
9025	17693
1434	10340
3531	12797
3799	11565
1421	14013
6006	15614
7778	15571
1534	11675
7067	14018
9042	17717
7811	15640
144	9726
7155	14252
4010	11640
2296	11365
7459	14929
9436	18287
6719	12904
8861	17827
1424	12604
1026	11282
6764	13091
315	9729
9187	17933
782	9838
3371	18419
5632	15157
6048	9851
6723	12915
8249	16337
4197	13021
2602	10482
396	11236
6239	10358
9248	17310
4403	12860
7926	15869
9082	17772
2571	11317
4486	11582
286	10317
360	10266
8745	18123
474	10782
2719	15389
4388	16645
3593	11944
9319	18129
7710	15426
3840	18237
4688	15365
1080	11760
2418	13411
4553	12925
6576	12235
3058	10738
222	9635
6853	13388
3493	11605
5024	12668
6051	16672
3195	14163
5686	13770
7028	13914
5034	12861
2520	14482
3344	11482
3497	13710
8943	17562
5730	18199
2017	13080
7144	14210
5468	18916
1745	10177
2944	13884
9377	18204
1512	16247
3975	15792
1527	15323
4288	16023
1043	10255
4152	12715
2022	10835
203	11032
4017	12527
3757	13354
7623	15268
417	10732
1834	9966
1271	13532
2124	17649
1059	11138
6357	10460
6449	11446
4475	15970
1571	12481
7572	15158
7239	14460
5603	13906
5713	11563
8858	18147
9095	17794
9026	17694
19	9531
5528	11746
3047	10346
6347	10388
2445	12227
3040	11619
3434	13495
985	11081
1991	11993
1336	13230
2652	10463
1306	12304
1187	19028
4537	11492
8055	17355
545	11159
6682	12714
1955	13918
5288	13871
989	12075
6481	11677
7267	14535
3748	18098
7727	15459
4685	12531
1510	13423
1713	9810
2769	12566
8369	18346
5136	15850
1521	13252
129	10584
5191	12110
6330	10168
8097	16197
9511	18395
3969	14017
5880	15301
2188	10076
5221	13413
6883	13498
4675	14179
7694	15403
8447	18121
5844	13577
7927	15870
4175	12028
7094	14068
5320	13284
3183	14397
2491	13352
1506	10742
259	9889
8765	16309
7980	18483
9150	17877
7747	15508
3680	15324
2752	11299
5573	16739
1987	17094
6185	17532
8377	18829
6353	10434
2381	17398
3504	14731
2523	17747
5016	14054
2772	14516
721	15144
346	9605
347	10244
7754	15524
9496	18756
4523	10859
1159	11061
7277	14552
4538	11167
6198	11785
69	9862
4468	16706
1180	12288
7761	15540
8719	16970
3767	13626
1150	17778
9207	17956
3034	10328
1499	10055
5303	11091
3654	13685
2496	13133
719	10617
2372	12609
7210	14390
262	10149
6326	10142
1871	12034
9087	17783
5264	11284
1760	16367
2104	13962
2302	11991
1042	11657
1656	11062
5680	16568
6566	12194
6714	12883
3828	14107
2009	11860
660	10545
2186	15428
1193	17424
3306	13244
5439	16590
5224	13255
9298	18087
6970	13748
8984	17631
8311	18814
6613	12427
5381	16127
6482	11678
5153	11510
1688	11660
349	12265
2003	14152
1075	14291
6956	13705
8086	16373
6460	11552
2040	10018
739	11898
1465	9558
2321	13909
8594	18277
4420	13766
1130	10965
2637	15606
2081	11712
6683	12728
6283	15238
9478	17213
209	13251
3874	13943
2365	9670
3246	11405
1175	10334
5095	12979
6809	13254
8299	12064
7132	14173
1738	12662
258	9881
6231	17155
8659	18234
789	11732
7351	14705
1897	10211
951	12962
672	12086
3679	12024
1580	11672
6850	13376
1771	11011
4962	17445
1063	11153
7195	14350
9429	18273
5851	11807
5226	17905
4697	14114
28	13044
7889	15791
6504	11813
1402	11908
1632	14585
4194	18862
6539	12036
565	9721
1750	12362
9355	17132
2121	11780
8559	17198
7433	14878
5511	13701
8360	17254
1686	15760
3319	12404
4001	12438
6766	13102
1279	10646
4512	12913
2280	11251
2869	12289
183	12177
4527	12669
351	9775
6433	11357
141	9965
5380	14305
2646	11493
6632	12506
3421	11489
4033	15251
5284	15765
8127	17029
493	13278
2975	13065
307	9560
9293	18078
4725	14202
2347	12486
6369	10712
6639	12522
9144	16265
7494	15022
916	13990
7447	14910
5583	15401
7649	15310
1267	9723
7652	15315
451	10140
7558	15128
4339	12567
2484	10626
7415	14850
6652	12582
6494	11767
384	10315
7386	14792
8268	18149
7616	15254
2566	11338
9453	18309
3336	15686
4924	15822
4986	14485
4282	14103
1022	16614
6311	9700
120	10097
2403	10529
7254	14501
4148	17671
2994	10216
2935	15234
8463	17462
5260	12630
9012	17677
6137	12903
8139	17523
1325	11259
3974	14229
1204	10969
6383	10865
713	18316
7193	14346
4687	15333
7372	14762
7683	15378
6427	11322
6327	10152
255	9746
9492	18371
1471	11205
478	10986
6340	10350
1009	10622
8295	17073
8524	18882
4559	12007
6389	10922
7690	15394
3705	17235
1820	12419
3836	11275
6722	12909
1498	13536
1436	10443
1374	9565
2750	15672
7108	14113
6628	12493
6631	12498
9466	18331
7439	14886
1711	11550
3696	12325
1373	11262
4659	14587
2021	17899
2232	18082
3118	11530
3372	13332
3477	12631
4301	11617
2836	9831
6286	12584
1272	14778
7443	14897
3613	12411
199	9840
6637	12518
6752	13030
4467	11505
6831	13323
879	17183
7906	15826
7840	15701
6597	12338
8565	16142
7101	14086
3393	14744
6452	11462
2696	11140
9440	18291
4552	12488
7026	13912
1838	12543
9164	17898
1089	10469
8229	16866
3432	15611
5771	14632
5258	13818
244	15746
7589	15193
3217	14639
481	10734
7517	15061
7700	15411
1773	11222
5274	14701
1767	15349
5752	12259
6564	12174
3811	11298
5772	13894
7934	16517
6205	14981
7758	15537
7995	17170
1622	11174
5481	16347
2289	11674
2915	11133
2861	14051
1309	9667
5971	15164
9288	18068
5040	15823
6072	13755
2880	17447
4549	16488
2119	16302
6508	11841
3276	14414
7765	15553
901	9734
1382	9778
778	10566
4766	14392
882	10394
8345	16249
2785	15466
3148	11088
593	9739
9495	18374
9181	17918
3054	14607
982	10948
3944	15344
8949	17568
1944	14971
6748	13004
5894	15307
6720	12905
5683	18278
6626	12489
1607	14339
1404	10038
6629	12494
7857	15734
25	10278
9276	18047
1177	10261
6822	13303
9141	17859
137	9701
5964	14477
1210	11606
5976	12501
957	10113
1275	12674
7011	13885
621	9935
9020	17690
3528	10689
1678	11078
2991	13224
6829	13319
9148	17875
2852	11345
9032	17700
9104	17805
8242	18069
5740	16021
2815	15893
7173	14297
2906	11810
4611	14746
8900	17480
5132	11708
6360	10518
7545	15108
9341	18162
3281	18288
1641	16272
5290	15677
2568	11936
9118	17824
72	11130
3501	13043
361	10775
4681	13125
3191	12100
4722	17852
6777	13142
122	9675
3785	9540
3001	12878
4126	11038
55	9621
3390	13333
9078	17765
1769	11559
8661	18645
4432	15659
944	10924
3619	14095
558	10888
8895	17011
9315	18122
3926	12791
4917	12146
4177	14322
1842	11027
1427	9765
6726	12924
6961	13730
1541	15236
1135	13794
9278	17422
6982	13789
8737	16280
673	10730
4938	13144
3222	11776
1189	15198
4907	14999
3489	13288
6679	12704
9168	17900
729	11012
4049	15382
4702	12500
1158	10371
3277	14573
4662	13330
2738	15985
9407	17135
5207	12901
4073	17890
6986	13800
4615	10811
7612	15245
3643	13647
9242	18007
6933	13644
3243	10909
6746	13000
6954	13703
550	9855
6491	11727
1174	14903
8328	16997
7225	16418
5210	15242
5296	18463
4488	15257
8011	16014
3565	17497
6552	12124
1545	11288
2285	11815
4814	10997
2085	12693
2446	10457
5720	12725
253	9689
4260	11579
7307	14622
2705	16989
4684	14795
7235	14453
119	9645
5170	15183
7130	14171
808	12836
3724	15396
5649	14134
7713	15431
1010	11021
7716	15436
3552	13599
909	10151
1209	17502
2609	15601
2507	13338
7242	14469
1519	11019
1388	14471
7748	15509
3677	14129
9255	15949
3591	12665
1627	11949
4899	13390
1169	10842
1219	10205
4116	10271
7942	17482
616	9875
2701	14264
2472	13209
4256	14452
8005	17767
393	11789
9271	18037
7920	15858
5129	13707
4807	13693
2131	12771
6936	13658
4871	17320
4909	17612
3651	18290
1157	9983
5822	15485
4351	12487
7292	14582
391	9662
6738	12976
2739	15148
1614	12558
7140	14188
2210	13077
9401	18244
2892	10667
6092	12986
4686	10383
8472	16734
9043	17718
5920	17080
5500	14508
7582	15179
5266	16327
3797	11941
5101	14533
7812	15641
5376	12257
6852	13384
2203	14242
9212	15955
7175	14303
1463	16647
4680	13951
4857	15570
4740	16217
542	11120
2985	13231
792	12692
5616	16790
6872	13447
9151	17372
9361	18185
8878	18711
3253	16779
3725	11930
1166	15498
1333	12228
4645	14788
9010	16386
4092	14841
892	10307
167	10546
4231	14919
3921	11990
7231	14440
5375	10325
2679	11969
1915	13034
6486	11704
8308	18157
6692	15973
5443	13842
4192	15314
7714	15432
9121	16725
6352	10428
20	10095
6479	11664
519	11499
2781	15750
6580	12241
4281	13033
432	12254
2638	11271
8212	18045
6538	12015
3205	14765
1913	10049
3151	15697
4555	13272
8304	18802
3755	10213
2462	11688
3749	11832
7876	15773
9502	18379
3289	11847
5966	11910
6489	11722
2349	12686
7263	14526
8191	17999
328	10224
1816	11176
5704	15064
4511	12010
6990	13815
7083	14043
9065	17745
5214	16368
5711	12973
7423	14865
6437	11387
583	11618
8888	18048
7060	13995
6958	13718
5244	12985
6	11233
9188	17936
3214	18102
6320	9940
8233	18238
6192	10923
1543	9566
3007	10161
4108	13360
720	11744
725	14074
1549	11303
6348	10389
1490	10615
3012	10131
2574	14106
4019	13897
1228	13998
2252	9854
801	11975
6083	14965
5958	12984
5177	13173
7176	14304
1269	13477
2231	11902
6649	12572
1606	9864
6279	13564
1495	12248
4541	15820
7750	15515
4496	16572
1576	9877
9512	18396
1870	15693
8379	17608
1676	10983
3699	12737
8403	17736
2605	15095
4673	13882
4852	13130
934	10760
2558	12539
1422	15947
228	13752
7903	15814
6898	13555
4532	12859
3059	15450
4970	14290
6128	14576
5974	14109
2758	15458
3331	12876
7703	15416
1156	11748
3126	12178
4404	16996
3745	18114
8342	16800
1914	10114
458	14335
3539	12761
4936	13595
2694	12706
8459	18553
2500	10854
6926	13630
4414	11685
7645	15303
1863	11438
2933	10857
6730	12937
4307	15908
7877	15774
1684	12109
705	11825
3134	11786
9493	18372
520	18424
7382	14785
3113	10680
8551	16398
4365	12816
4024	14738
3122	13883
4961	13372
7084	14044
2824	11745
8947	17566
3855	14673
1126	10956
1631	10125
194	10158
1362	11169
336	12722
4026	12461
6839	13351
9139	17857
177	9696
4378	15801
7211	14391
7214	14396
2842	9641
2503	12161
1415	10133
1050	11432
2390	11466
4886	15655
2825	13380
9259	16353
4840	13738
9030	17698
310	11285
8496	17764
2059	9538
5242	14162
6790	13179
7453	14920
9113	17817
371	9925
8650	17534
2150	9548
2103	11651
9306	18104
4507	11555
1227	11199
437	10585
9387	18214
9459	18319
507	9826
8920	17516
1591	10200
5002	12702
5962	14730
7662	15336
5327	12233
3476	13969
7826	15673
8960	17588
5493	12939
7518	15062
8202	18175
445	11055
6023	17076
319	10421
7015	13889
9382	17173
8184	17488
777	10747
5225	11848
5725	14386
2728	10669
1258	10525
6980	13787
7575	15165
7833	15689
7150	14235
1766	11197
3285	12694
8464	17663
3144	12166
7406	14834
7115	14133
4964	15577
1789	12268
8906	17486
2242	11018
905	10006
7296	14595
8068	17555
7029	13921
3978	14620
7143	14208
4075	13506
1494	9704
1920	12027
1531	9771
7561	15135
7385	17353
8338	18210
7442	14891
1559	9954
1756	12225
6155	15622
5122	13264
7531	15084
2849	11335
3232	11073
2010	12980
5609	12830
3771	14505
5541	13598
1109	10778
5830	13472
2955	13424
6788	13175
7495	15023
9291	18077
6435	11367
7909	15831
7843	15706
8977	17621
2492	12616
3063	13371
1418	13226
7653	15316
1908	10875
9105	17806
3219	11669
4435	13623
4469	17408
1952	9898
2213	12154
642	9972
7481	14980
4661	12919
4944	16654
6088	13070
9240	16395
7053	13981
7362	14736
7850	15722
5436	18284
2415	9780
9269	18035
871	9916
2774	10356
5492	13197
9378	18207
1142	9921
1761	11885
5861	15952
6531	16686
2770	9604
3635	15761
3683	16741
8803	17454
3072	10171
4150	12420
6976	13774
978	11331
2982	12614
5065	14153
9213	17968
6384	10866
2442	12340
7216	14402
1370	12013
1922	12718
3630	13673
6983	13790
9062	16644
4313	18318
3833	14712
8726	16429
5756	12586
8278	17959
512	13500
7071	14024
8186	15926
4285	13008
7222	14422
8001	16375
8106	17889
3025	14623
3297	17068
2751	13108
4115	15714
2893	13457
9384	18213
6891	13541
3821	10285
3707	17582
8232	16917
5222	11726
7276	14550
6424	11301
2155	10431
345	9953
80	12422
4928	14928
1363	11168
960	9997
9282	18057
770	9836
8622	16735
4575	14251
6947	13678
689	12099
6386	10901
6487	11707
4654	13726
3862	11053
6690	12746
3708	14262
6832	13324
3621	17757
8929	17538
7907	15827
4051	9942
1096	13806
4931	10220
8990	15912
3664	14047
3158	13192
109	13523
9365	18189
2256	17935
477	12606
251	10839
6207	15988
592	10085
9405	16433
1910	11003
1029	11254
2725	14370
4030	15844
6821	13299
7734	15481
1975	13320
1715	9717
2857	13708
1364	10722
825	9919
8839	17863
1086	9960
3226	12787
2363	16061
4376	10711
1979	12163
907	15815
7860	15741
3011	16282
1542	11896
7446	14906
4636	18929
9216	17971
7293	14583
837	10508
5654	15650
7218	14409
1447	10962
2623	13783
2580	15133
5544	14960
6614	12430
9201	16471
1887	13341
1147	10562
2733	14035
5597	18125
1977	15220
5328	14968
206	9715
309	10402
2690	14604
4880	16269
6024	16886
1184	10336
697	9989
1039	13890
3678	13432
2485	16306
6391	10937
8777	17469
2903	12389
5600	17763
6001	14431
1587	16095
7801	15618
604	9882
5764	16144
6810	13257
1524	10791
7012	13886
7136	14181
7399	14820
2695	13756
6473	11622
8644	17475
5927	18013
5836	14219
6691	12747
1951	11797
5087	14626
3941	13374
324	9949
5900	10942
8758	16035
7317	14643
6040	14628
7805	15629
1690	15819
6069	15100
1222	12267
7808	15634
1691	13011
9342	18163
3083	13464
421	13975
6771	16540
3116	14580
3315	18173
5576	14120
8788	17496
6059	12813
1604	12490
4028	17062
4105	12556
2290	13949
1772	12037
2269	12843
1837	13186
5006	11496
4640	14822
2287	12375
3159	14519
4425	11864
4492	14843
6445	11428
2916	12317
4337	13737
7331	14675
7284	14563
4837	14962
4162	13103
6802	13220
6255	12593
6678	12696
6318	9909
3976	12805
1297	9663
9058	16673
1702	10651
2636	11458
698	12000
6969	13747
3103	9618
1654	16767
9426	16281
6640	12525
3374	12067
9375	16730
3133	15647
7613	15246
7498	15030
6354	10441
248	10222
1190	13105
2561	14667
5062	16756
7846	15713
2775	14892
9177	17913
5400	12321
395	9868
6955	13704
7965	16078
7416	14853
988	12597
8506	18388
3052	10447
8607	16750
2420	15603
806	12068
5690	11750
1111	9671
221	10102
444	9585
4370	10089
441	11273
754	9518
3555	14077
5456	18120
5516	14953
795	10044
1562	11943
5586	15197
3337	11905
3590	10099
4494	14447
1141	11620
7369	14754
3036	11913
3335	16410
7717	15437
482	13381
6770	13119
2983	12989
142	10051
73	14381
4137	10618
7194	14349
7318	14644
7139	14184
2951	14205
2643	12103
7806	15630
9479	16813
4890	14504
2325	10481
8983	17629
2237	12768
8731	16775
9505	18384
7201	14365
4873	10026
8387	17904
6317	9888
5910	15391
7921	15859
1395	16451
3990	12274
289	9673
6894	13548
3884	14773
6884	13503
1872	10108
3377	12690
7699	15409
3361	9713
649	10366
9191	17941
826	9770
3713	11629
8969	17599
2594	14186
8483	16393
6029	13110
2156	14189
6208	15327
7526	15077
223	16795
7098	14078
1102	11516
4517	17695
105	9606
5870	15453
9089	17785
9092	17790
1998	11509
4157	14090
1927	15012
3279	14760
4100	10065
5494	12550
4888	16941
8356	18257
1956	11404
5455	18220
1995	12564
3017	12023
9052	17731
168	11853
8834	17508
2447	15290
654	14227
1068	10834
3182	11952
7158	14263
368	10608
7056	13986
2183	11918
5218	13675
7253	14500
3356	12778
6664	12644
8921	17517
3157	17264
4396	14506
7856	15732
3366	18835
3480	11501
5193	16476
5148	14784
1412	11933
1727	10776
8175	16128
7165	14279
6382	10864
401	10088
1652	12817
1764	9611
3603	13005
4841	16963
6890	13522
252	11456
1530	15042
1719	11531
7720	15440
9332	18148
6335	10267
2541	9653
7676	15370
1186	10250
9109	17810
7151	14236
3909	12415
5946	15824
7957	18241
6715	12888
3093	11334
5701	13512
446	12611
6490	11723
6528	11978
6118	12080
2069	14165
111	9588
9230	17992
8729	17710
1112	13603
419	13905
6413	11210
5967	12850
3878	12957
586	15479
5990	13736
6518	11906
3775	17676
7424	14866
5892	16355
3084	10588
5768	11593
711	11165
8603	17463
8689	16483
3796	11319
2987	14856
2453	10721
7345	14694
6684	12733
1161	10620
6735	12964
6230	17932
1967	13578
1876	13948
2860	12398
3099	14666
1633	9797
4562	14770
5837	11706
608	12743
5391	12114
4451	12953
3348	12108
2190	14525
2126	10605
5092	14706
1533	12949
339	10488
1426	12328
2993	11358
4491	18394
8558	18312
781	10577
4461	17468
624	9839
2179	13999
1348	11627
3989	14211
7951	18839
207	10490
8104	17095
274	10480
4518	15235
2572	16145
2293	10314
501	9661
2264	17197
9444	18297
9309	18109
7203	14371
1074	10196
8317	16048
5017	14545
5206	11263
5490	14994
4251	15766
5886	9975
6765	13098
3471	12541
6767	13107
2378	15124
7524	15072
7735	15484
875	10602
290	9683
5985	17272
92	9964
4849	16516
3889	16437
7707	15422
6553	12131
9200	17950
5706	15642
325	9906
1254	12355
273	11436
9014	16218
7491	15016
9330	18144
4898	11160
8440	18841
9214	17969
1796	13025
7646	15304
6930	13636
4789	11109
4593	17061
4173	13994
6134	16856
9494	18373
1459	14278
5268	17644
6757	13048
3173	14001
2567	11976
8043	18215
9374	18200
2576	12735
8269	16757
6396	10975
8035	17987
2297	12502
1280	13121
4783	14983
7620	15264
1500	12895
7592	15202
7822	15664
3584	18042
5444	13682
8073	16966
8725	17646
4377	11528
9239	15881
2291	15087
7311	14630
1473	11422
7348	14697
809	11378
4090	12373
494	9825
7534	15089
5767	13261
4619	13168
2633	14679
5330	17838
1476	10794
935	9918
3952	14775
378	10000
563	10985
6156	13837
1172	12261
6341	10355
4584	13416
5914	14977
7999	17380
4441	15353
1841	14985
1855	10453
2015	10442
2171	11184
1106	10860
4844	15743
7552	15119
1466	10614
9122	17830
5849	14215
1283	11166
1396	12504
3524	14082
4269	14199
1435	12203
1992	11074
2596	12006
5316	12705
2974	13120
1997	14306
1748	12555
9085	17776
3333	13854
561	10484
2732	11907
7673	15358
5941	17429
497	9947
3255	13116
4230	14486
6585	12283
2853	11086
1268	10238
2911	14511
6995	13844
2735	12299
6998	13849
5229	15395
5702	14824
3756	11533
6753	13035
2847	16152
6695	12764
1098	10702
1781	11927
5814	12786
438	11824
8940	17556
7126	14155
2697	17268
7249	14491
5182	18329
2399	12097
974	15631
8219	15931
466	10731
5526	12854
7279	14555
6477	11652
7232	14443
2354	18218
5826	12365
5485	18222
3769	12653
3468	13479
1806	10950
5458	14827
2327	10127
272	10084
4408	13808
6065	15764
7532	15085
3184	17103
4218	13684
82	9694
9314	17450
8753	17679
5289	14725
3224	15455
2173	10828
2338	13147
3449	11372
7802	15619
6394	10957
537	15872
6581	12244
6325	10103
6474	11623
1	10119
1957	14852
3161	11615
991	9811
3124	16163
9366	16980
6225	15470
3837	13066
2722	11164
6932	13642
1221	18086
2200	10301
9503	18382
4513	12302
9299	18094
8077	18281
858	10571
768	9631
5172	13106
1445	11536
2276	15665
6361	10527
6379	10810
5021	18306
2259	11231
8953	17578
8034	17537
2019	13878
7129	14169
6162	15134
8380	16080
6405	11105
5749	18119
641	10586
284	9760
27	9609
3554	12094
6866	13422
9335	16717
3430	12287
1501	12612
1449	10207
9470	18339
1256	9812
3885	13096
3317	13807
7866	15751
1937	10964
1197	10400
9028	17176
2132	10385
8898	17066
734	10117
5959	14559
3958	10578
236	14041
413	10705
764	12211
6466	11586
275	13215
3933	11982
1120	10826
2830	12120
7678	14589
9233	17995
1516	16690
7484	14989
7245	14478
638	9776
164	9856
6550	12115
5646	17603
8772	17721
4689	14826
6154	17484
8776	17611
4889	12376
4741	14198
708	11124
9312	18116
7280	14556
865	10290
6660	12633
1770	10167
3082	14569
4916	13677
4480	11575
5808	14753
2319	10345
1491	11920
3179	11203
2162	10627
4238	13210
4669	13433
5739	15821
4823	13082
5360	12792
709	13052
4797	15833
4637	12397
2859	16338
3806	17609
1667	9722
3817	13045
9480	18356
1218	11064
163	9967
2240	10294
9483	18361
3354	18653
6680	12709
8586	17850
1994	14439
4265	15800
6589	12298
828	11030
4213	18764
77	9819
3729	13696
5668	18519
4171	14337
4670	11769
9506	18385
8389	18625
9371	18197
1281	10194
2241	12222
5379	17864
7304	14616
854	10386
2856	13020
7792	15602
996	12196
3733	13293
4445	13758
4295	9798
320	11095
8919	17514
3067	16586
1095	10862
7825	15671
500	10918
8123	18977
2877	17630
3301	11047
7039	13944
8167	18000
3925	14523
4165	15178
2699	12524
6410	11154
196	15997
1836	11368
3350	10764
2426	12402
6761	13074
6168	18158
1240	15400
9234	17996
700	11514
1407	12130
7355	14715
8970	17169
1663	11561
4969	17016
7376	14774
4232	11798
803	9656
4853	15794
5128	15733
8397	17657
