0	19493
1	19494
2	19495
3	19496
4	19497
5	19498
6	19499
7	19500
8	19501
9	19502
10	19503
11	19504
12	19505
13	19506
14	19507
15	19508
16	19509
17	19510
18	19511
19	19512
20	19513
21	19514
22	19515
23	19516
24	19517
25	19518
26	19519
27	19520
28	19521
29	19522
30	19523
31	19524
32	19525
33	19526
34	19527
35	19528
36	19529
37	19530
38	19531
39	19532
40	19533
41	19534
42	19535
43	19536
44	19537
45	19538
46	19539
47	19540
48	19541
49	19542
50	19543
51	19544
52	19545
53	19546
54	19547
55	19548
56	19549
57	19550
58	19551
59	19552
60	19553
61	19554
62	19555
63	19556
64	19557
65	19558
66	19559
67	19560
68	19561
69	19562
70	19563
71	19564
72	19565
73	19566
74	19567
75	19568
76	19569
77	19570
78	19571
79	19572
80	19573
81	19574
82	19575
83	19576
84	19577
85	19578
86	19579
87	19580
88	19581
89	19582
90	19583
91	19584
92	19585
93	19586
94	19587
95	19588
96	19589
97	19590
98	19591
99	19592
100	19593
101	19594
102	19595
103	19596
104	19597
105	19598
106	19599
107	19600
108	19601
109	19602
110	19603
111	19604
112	19605
113	19606
114	19607
115	19608
116	19609
117	19610
118	19611
119	19612
120	19613
121	19614
122	19615
123	19616
124	19617
125	19618
126	19619
127	19620
128	19621
129	19622
130	19623
131	19624
132	19625
133	19626
134	19627
135	19628
136	19629
137	19630
138	19631
139	19632
140	19633
141	19634
142	19635
143	19636
144	19637
145	19638
146	19639
147	19640
148	19641
149	19642
150	19643
151	19644
152	19645
153	19646
154	19647
155	19648
156	19649
157	19650
158	19651
159	19652
160	19653
161	19654
162	19655
163	19656
164	19657
165	19658
166	19659
167	19660
168	19661
169	19662
170	19663
171	19664
172	19665
173	19666
174	19667
175	19668
176	19669
177	19670
178	19671
179	19672
180	19673
181	19674
182	19675
183	19676
184	19677
185	19678
186	19679
187	19680
188	19681
189	19682
190	19683
191	19684
192	19685
193	19686
194	19687
195	19688
196	19689
197	19690
198	19691
199	19692
200	19693
201	19694
202	19695
203	19696
204	19697
205	19698
206	19699
207	19700
208	19701
209	19702
210	19703
211	19704
212	19705
213	19706
214	19707
215	19708
216	19709
217	19710
218	19711
219	19712
220	19713
221	19714
222	19715
223	19716
224	19717
225	19718
226	19719
227	19720
228	19721
229	19722
230	19723
231	19724
232	19725
233	19726
234	19727
235	19728
236	19729
237	19730
238	19731
239	19732
240	19733
241	19734
242	19735
243	19736
244	19737
245	19738
246	19739
247	19740
248	19741
249	19742
250	19743
251	19744
252	19745
253	19746
254	19747
255	19748
256	19749
257	19750
258	19751
259	19752
260	19753
261	19754
262	19755
263	19756
264	19757
265	19758
266	19759
267	19760
268	19761
269	19762
270	19763
271	19764
272	19765
273	19766
274	19767
275	19768
276	19769
277	19770
278	19771
279	19772
280	19773
281	19774
282	19775
283	19776
284	19777
285	19778
286	19779
287	19780
288	19781
289	19782
290	19783
291	19784
292	19785
293	19786
294	19787
295	19788
296	19789
297	19790
298	19791
299	19793
300	19794
301	19795
302	19796
303	19797
304	19798
305	19799
306	19800
307	19801
308	19802
309	19803
310	19804
311	19805
312	19806
313	19807
314	19808
315	19809
316	19810
317	19811
318	19812
319	19813
320	19814
321	19815
322	19816
323	19817
324	19818
325	19819
326	19820
327	19821
328	19822
329	19823
330	19824
331	19825
332	19826
333	19827
334	19828
335	19829
336	19830
337	19831
338	19832
339	19833
340	19834
341	19835
342	19836
343	19837
344	19838
345	19839
346	19840
347	19841
348	19842
349	19843
350	19844
351	19845
352	19846
353	19847
354	19848
355	19849
356	19850
357	19851
358	19852
359	19853
360	19854
361	19855
362	19856
363	19857
364	19858
365	19859
366	19860
367	19861
368	19862
369	19863
370	19864
371	19865
372	19866
373	19867
374	19868
375	19869
376	19870
377	19871
378	19872
379	19873
380	19874
381	19875
382	19876
383	19877
384	19878
385	19880
386	19881
387	19882
388	19883
389	19884
390	19885
391	19886
392	19887
393	19888
394	19889
395	19890
396	19891
397	19892
398	19893
399	19894
400	19895
401	19896
402	19897
403	19898
404	19899
405	19900
406	19901
407	19902
408	19903
409	19904
410	19905
411	19906
412	19907
413	19908
414	19909
415	19910
416	19911
417	19912
418	19913
419	19914
420	19915
421	19916
422	19917
423	19918
424	19919
425	19920
426	19921
427	19922
428	19923
429	19924
430	19925
431	19926
432	19927
433	19928
434	19929
435	19930
436	19931
437	19932
438	19933
439	19934
440	19935
441	19936
442	19937
443	19938
444	19939
445	19940
446	19941
447	19942
448	19943
449	19944
450	19945
451	19946
452	19947
453	19948
454	19949
455	19950
456	19951
457	19952
458	19953
459	19954
460	19955
461	19956
462	19957
463	19958
464	19959
465	19960
466	19961
467	19962
468	19963
469	19964
470	19965
471	19966
472	19967
473	19968
474	19969
475	19970
476	19971
477	19972
478	19973
479	19974
480	19975
481	19976
482	19977
483	19978
484	19979
485	19980
486	19981
487	19982
488	19983
489	19984
490	19985
491	19986
492	19987
493	19988
494	19989
495	19990
496	19991
497	19992
498	19993
499	19994
500	19995
501	19996
502	19997
503	19998
504	19999
505	20000
506	20001
507	20002
508	20003
509	20004
510	20005
511	20006
512	20007
513	20008
514	20009
515	20010
516	20011
517	20012
518	20013
519	20014
520	20015
521	20016
522	20017
523	20018
524	20019
525	20020
526	20021
527	20022
528	20023
529	20024
530	20025
531	20026
532	20027
533	20028
534	20029
535	20030
536	20031
537	20032
538	20033
539	20034
540	20035
541	20036
542	20037
543	20038
544	20039
545	20040
546	20041
547	20042
548	20043
549	20044
550	20045
551	20046
552	20047
553	20048
554	20049
555	20050
556	20051
557	20052
558	20053
559	20054
560	20055
561	20056
562	20057
563	20058
564	20059
565	20060
566	20061
567	20062
568	20063
569	20064
570	20065
571	20066
572	20067
573	20068
574	20069
575	20070
576	20071
577	20072
578	20073
579	20074
580	20075
581	20076
582	20077
583	20078
584	20079
585	20080
586	20081
587	20082
588	20083
589	20084
590	20085
591	20086
592	20087
593	20088
594	20089
595	20090
596	20091
597	20092
598	20093
599	20094
600	20095
601	20096
602	20097
603	20098
604	20099
605	20100
606	20101
607	20102
608	20103
609	20104
610	20105
611	20106
612	20107
613	20108
614	20109
615	20110
616	20111
617	20112
618	20113
619	20114
620	20115
621	20116
622	20117
623	20118
624	20119
625	20120
626	20121
627	20122
628	20123
629	20124
630	20125
631	20126
632	20127
633	20128
634	20129
635	20130
636	20131
637	20132
638	20133
639	20134
640	20135
641	20136
642	20137
643	20138
644	20139
645	20140
646	20141
647	20142
648	20143
649	20144
650	20145
651	20146
652	20147
653	20148
654	20149
655	20150
656	20151
657	20152
658	20153
659	20154
660	20155
661	20156
662	20157
663	20158
664	20159
665	20160
666	20161
667	20162
668	20163
669	20164
670	20165
671	20166
672	20167
673	20168
674	20169
675	20170
676	20171
677	20172
678	20173
679	20174
680	20175
681	20176
682	20177
683	20178
684	20179
685	20180
686	20181
687	20182
688	20183
689	20184
690	20185
691	20186
692	20187
693	20188
694	20189
695	20190
696	20191
697	20192
698	20193
699	20194
700	20195
701	20196
702	20197
703	20198
704	20199
705	20200
706	20201
707	20202
708	20203
709	20204
710	20205
711	20206
712	20207
713	20208
714	20209
715	20210
716	20211
717	20212
718	20213
719	20214
720	20215
721	20216
722	20217
723	20218
724	20219
725	20220
726	20221
727	20222
728	20223
729	20224
730	20225
731	20226
732	20227
733	20228
734	20229
735	20230
736	20231
737	20232
738	20233
739	20234
740	20235
741	20236
742	20237
743	20238
744	20239
745	20240
746	20241
747	20242
748	20243
749	20244
750	20245
751	20246
752	20247
753	20248
754	20249
755	20250
756	20251
757	20252
758	20253
759	20254
760	20255
761	20256
762	20257
763	20258
764	20259
765	20260
766	20261
767	20262
768	20263
769	20264
770	20265
771	20266
772	20267
774	20268
775	20269
776	20270
777	20271
778	20273
779	20274
780	20275
781	20276
782	20277
783	20278
784	20279
785	20280
786	20281
787	20282
788	20283
789	20284
790	20285
791	20286
792	20287
793	20288
794	20289
795	20290
796	20291
797	20292
798	20293
799	20294
800	20295
801	20296
802	20297
803	20298
804	20299
805	20300
806	20301
807	20302
808	20303
809	20304
810	20305
811	20306
812	20307
813	20308
814	20309
815	20310
816	20311
817	20312
818	20313
819	20314
820	20315
821	20316
822	20317
823	20318
824	20319
825	20320
826	20321
827	20322
828	20323
829	20324
830	20325
831	20326
832	20327
833	20328
834	20329
835	20330
836	20331
837	20332
838	20333
839	20334
840	20335
841	20336
842	20337
843	20338
844	20339
845	20340
846	20341
847	20342
848	20343
849	20344
850	20345
851	20346
852	20347
853	20348
854	20349
855	20350
856	20351
857	20352
858	20353
859	20354
860	20355
861	20356
862	20357
863	20358
864	20359
865	20360
866	20361
867	20362
868	20363
869	20364
870	20365
871	20366
872	20367
873	20368
874	20369
875	20370
876	20371
877	20372
878	20373
879	20374
880	20375
881	20376
882	20377
883	20378
884	20379
885	20380
886	20381
887	20382
888	20383
889	20384
890	20385
891	20386
892	20387
893	20388
894	20389
895	20390
896	20391
897	20392
898	20393
899	20394
900	20395
901	20396
902	20397
903	20398
904	20399
905	20400
906	20401
907	20402
908	20403
909	20404
910	20405
911	20406
912	20407
913	20408
914	20409
915	20410
916	20411
917	20412
918	20413
919	20414
920	20415
921	20416
922	20417
923	20418
924	20419
925	20420
926	20421
927	20422
928	20423
929	20424
930	20425
931	20426
932	20427
933	20428
934	20429
935	20430
936	20431
937	20432
938	20433
939	20434
940	20435
941	20436
942	20437
943	20438
944	20439
945	20440
946	20441
947	20442
948	20443
949	20444
950	20445
951	20446
952	20447
953	20448
954	20449
955	20450
956	20451
957	20452
958	20453
959	20454
960	20455
961	20457
962	20458
963	20459
964	20460
965	20461
966	20462
967	20463
968	20464
969	20465
970	20466
971	20467
972	20468
973	20469
974	20470
975	20471
976	20472
977	20473
978	20474
979	20475
980	20476
981	20477
982	20478
983	20479
984	20480
985	20481
986	20482
987	20483
988	20484
989	20485
990	20486
991	20487
992	20488
993	20489
994	20490
995	20491
996	20492
997	20493
998	20494
999	20495
1000	20496
1001	20497
1002	20498
1003	20499
1004	20500
1005	20501
1006	20502
1007	20503
1008	20504
1009	20505
1010	20506
1011	20507
1012	20508
1013	20509
1014	20510
1015	20511
1016	20512
1017	20513
1018	20514
1019	20515
1020	20516
1021	20517
1022	20518
1023	20519
1024	20520
1025	20521
1026	20522
1027	20523
1028	20524
1029	20525
1030	20526
1031	20527
1032	20528
1033	20529
1034	20530
1035	20531
1036	20532
1037	20533
1038	20534
1039	20535
1040	20536
1041	20537
1042	20538
1043	20539
1044	20540
1045	20541
1046	20542
1047	20543
1048	20544
1049	20545
1050	20546
1051	20547
1052	20548
1053	20549
1054	20550
1055	20551
1056	20552
1057	20553
1058	20554
1059	20555
1060	20556
1061	20557
1062	20558
1063	20559
1064	20560
1065	20561
1066	20562
1067	20563
1068	20564
1069	20565
1070	20566
1071	20567
1072	20568
1073	20569
1074	20570
1075	20571
1076	20572
1077	20573
1078	20574
1079	20575
1080	20576
1081	20577
1082	20578
1083	20579
1084	20580
1085	20581
1086	20582
1087	20583
1088	20584
1089	20585
1090	20586
1091	20587
1092	20588
1093	20589
1094	20590
1095	20591
1096	20592
1097	20593
1098	20594
1099	20595
1100	20596
1101	20597
1102	20598
1103	20599
1104	20600
1105	20601
1106	20602
1107	20603
1108	20604
1109	20605
1110	20606
1111	20607
1112	20608
1113	20609
1114	20610
1115	20611
1116	20612
1117	20613
1118	20614
1119	20615
1120	20616
1121	20617
1122	20618
1123	20619
1124	20620
1125	20621
1126	20622
1127	20623
1128	20624
1129	20625
1130	20626
1131	20627
1132	20628
1133	20629
1134	20630
1135	20631
1136	20632
1137	20633
1138	20634
1139	20635
1140	20636
1141	20637
1142	20638
1143	20639
1144	20640
1145	20641
1146	20642
1147	20643
1148	20644
1149	20645
1150	20646
1151	20647
1152	20648
1153	20649
1154	20650
1155	20651
1156	20652
1157	20653
1158	20654
1159	20655
1160	20656
1161	20657
1162	20658
1163	20659
1164	20660
1165	20661
1166	20662
1167	20663
1168	20664
1169	20665
1170	20666
1171	20667
1172	20668
1173	20669
1174	20670
1175	20671
1176	20672
1177	20673
1178	20674
1179	20675
1180	20676
1181	20677
1182	20678
1183	20679
1184	20680
1185	20681
1186	20682
1187	20683
1188	20684
1189	20685
1190	20686
1191	20687
1192	20688
1193	20689
1194	20690
1195	20691
1196	20692
1197	20693
1198	20694
1199	20695
1200	20696
1201	20697
1202	20698
1203	20699
1204	20700
1205	20701
1206	20702
1207	20703
1208	20704
1209	20705
1210	20706
1211	20707
1212	20708
1213	20709
1214	20710
1215	20711
1216	20712
1217	20713
1218	20714
1219	20715
1220	20716
1221	20717
1222	20718
1223	20719
1224	20720
1225	20721
1226	20722
1227	20723
1228	20724
1229	20725
1230	20726
1231	20727
1232	20728
1233	20729
1234	20730
1235	20731
1236	20732
1237	20733
1238	20734
1239	20735
1240	20736
1241	20737
1242	20738
1243	20739
1244	20740
1245	20741
1246	20742
1247	20743
1248	20744
1249	20745
1250	20746
1251	20747
1252	20748
1253	20749
1254	20750
1255	20751
1256	20752
1257	20753
1258	20754
1259	20755
1260	20756
1261	20757
1262	20758
1263	20759
1264	20760
1265	20761
1266	20762
1267	20763
1268	20764
1269	20765
1270	20766
1271	20767
1272	20768
1273	20769
1274	20770
1275	20771
1276	20772
1277	20773
1278	20774
1279	20775
1280	20776
1281	20777
1282	20778
1283	20779
1284	20780
1285	20781
1286	20782
1287	20783
1288	20784
1289	20785
1290	20786
1291	20787
1292	20788
1293	20789
1294	20790
1295	20791
1296	20792
1297	20793
1298	20794
1299	20795
1300	20796
1301	20797
1302	20798
1303	20799
1304	20800
1305	20801
1306	20802
1307	20803
1308	20804
1309	20805
1310	20806
1311	20807
1312	20808
1313	20809
1314	20810
1315	20811
1316	20812
1317	20813
1318	20814
1319	20815
1320	20816
1321	20817
1322	20818
1323	20819
1324	20820
1325	20821
1326	20822
1327	20823
1328	20824
1329	20825
1330	20826
1331	20827
1332	20828
1333	20829
1334	20830
1335	20831
1336	20832
1337	20833
1338	20834
1339	20835
1340	20836
1341	20837
1342	20838
1343	20839
1344	20840
1345	20841
1346	20842
1347	20843
1348	20844
1349	20845
1350	20846
1351	20847
1352	20848
1353	20849
1354	20850
1355	20851
1356	20852
1357	20853
1358	20854
1359	20856
1360	20857
1361	20858
1362	20859
1363	20860
1364	20861
1365	20862
1366	20863
1367	20864
1368	20865
1369	20866
1370	20867
1371	20868
1372	20869
1373	20870
1374	20871
1375	20872
1376	20873
1377	20874
1378	20875
1379	20876
1380	20877
1381	20878
1382	20879
1383	20880
1384	20881
1385	20882
1386	20883
1387	20884
1388	20885
1389	20886
1390	20887
1391	20888
1392	20889
1393	20890
1394	20891
1395	20892
1396	20893
1397	20894
1398	20895
1399	20896
1400	20897
1401	20898
1402	20899
1403	20901
1404	20902
1405	20903
1406	20904
1407	20905
1408	20906
1409	20907
1410	20908
1411	20909
1412	20910
1413	20911
1414	20912
1415	20913
1416	20914
1417	20915
1418	20916
1419	20917
1420	20918
1421	20919
1422	20920
1423	20921
1424	20922
1425	20923
1426	20924
1427	20925
1428	20926
1429	20927
1430	20928
1431	20929
1432	20930
1433	20931
1434	20932
1435	20933
1436	20934
1437	20935
1438	20936
1439	20937
1440	20938
1441	20939
1442	20940
1443	20941
1444	20942
1445	20943
1446	20944
1447	20945
1448	20946
1449	20947
1450	20948
1451	20949
1452	20950
1453	20951
1454	20952
1455	20953
1456	20954
1457	20955
1458	20956
1459	20957
1460	20958
1461	20959
1462	20960
1463	20961
1464	20962
1465	20963
1466	20964
1467	20965
1468	20966
1469	20967
1470	20968
1471	20969
1472	20970
1473	20971
1474	20972
1475	20973
1476	20974
1477	20975
1478	20976
1479	20977
1480	20978
1481	20979
1482	20980
1483	20981
1484	20982
1485	20983
1486	20984
1487	20985
1488	20986
1489	20987
1490	20988
1491	20989
1492	20990
1493	20991
1494	20992
1495	20993
1496	20994
1497	20995
1498	20996
1499	20997
1500	20998
1501	20999
1502	21000
1503	21001
1504	21002
1505	21003
1506	21004
1507	21005
1508	21006
1509	21008
1510	21009
1511	21010
1512	21011
1513	21012
1514	21013
1515	21014
1516	21015
1517	21016
1518	21017
1519	21018
1520	21019
1521	21020
1522	21021
1523	21022
1524	21023
1525	21024
1526	21025
1527	21026
1528	21027
1529	21028
1530	21029
1531	21030
1532	21031
1533	21032
1534	21033
1535	21034
1536	21035
1537	21036
1538	21037
1539	21038
1540	21039
1541	21040
1542	21041
1543	21042
1544	21043
1545	21044
1546	21045
1547	21046
1548	21047
1549	21048
1550	21049
1551	21050
1552	21051
1553	21052
1554	21053
1555	21054
1556	21055
1557	21056
1558	21057
1559	21058
1560	21059
1561	21060
1562	21061
1563	21062
1564	21063
1565	21064
1566	21065
1567	21066
1568	21067
1569	21068
1570	21069
1571	21070
1572	21071
1573	21072
1574	21073
1575	21074
1576	21075
1577	21076
1578	21077
1579	21078
1580	21079
1581	21080
1582	21081
1583	21082
1584	21083
1585	21084
1586	21085
1587	21086
1588	21087
1589	21088
1590	21089
1591	21090
1592	21091
1593	21092
1594	21093
1595	21094
1596	21095
1597	21096
1598	21097
1599	21098
1600	21099
1601	21100
1602	21101
1603	21102
1604	21103
1605	21104
1606	21105
1607	21106
1608	21107
1609	21108
1610	21109
1611	21110
1612	21111
1613	21112
1614	21113
1615	21114
1616	21115
1617	21116
1618	21117
1619	21118
1620	21119
1621	21120
1622	21121
1623	21122
1624	21123
1625	21124
1626	21125
1627	21126
1628	21127
1629	21128
1630	21129
1631	21130
1632	21132
1633	21133
1634	21134
1635	21135
1636	21136
1637	21137
1638	21138
1639	21139
1640	21140
1641	21141
1642	21142
1643	21143
1644	21144
1645	21145
1646	21146
1647	21147
1648	21148
1649	21149
1650	21150
1651	21151
1652	21152
1653	21153
1654	21154
1655	21155
1656	21156
1657	21157
1658	21158
1659	21159
1660	21160
1661	21161
1662	21162
1663	21163
1664	21164
1665	21165
1666	21166
1667	21167
1668	21168
1669	21169
1670	21170
1671	21171
1672	21172
1673	21173
1674	21174
1675	21176
1676	21177
1677	21178
1678	21179
1679	21180
1680	21181
1681	21182
1682	21183
1683	21184
1684	21185
1685	21186
1686	21187
1687	21188
1688	21189
1689	21190
1690	21191
1691	21192
1692	21193
1693	21194
1694	21195
1695	21196
1696	21198
1697	21199
1698	21200
1699	21201
1700	21202
1701	21203
1702	21204
1703	21205
1704	21206
1705	21207
1706	21208
1707	21209
1708	21210
1709	21211
1710	21212
1711	21213
1712	21214
1713	21215
1714	21216
1715	21217
1716	21218
1717	21219
1718	21220
1719	21221
1720	21222
1721	21223
1722	21224
1723	21225
1724	21226
1725	21227
1726	21228
1727	21229
1728	21230
1729	21231
1730	21232
1731	21233
1732	21235
1733	21236
1734	21237
1735	21238
1736	21239
1737	21240
1738	21241
1739	21242
1740	21243
1741	21244
1742	21245
1743	21246
1744	21247
1745	21248
1746	21249
1747	21250
1748	21251
1749	21252
1750	21253
1751	21254
1752	21255
1753	21256
1754	21257
1755	21258
1756	21259
1757	21260
1758	21261
1759	21262
1760	21263
1761	21264
1762	21265
1763	21266
1764	21267
1765	21268
1766	21269
1767	21270
1768	21271
1769	21272
1770	21273
1771	21274
1772	21275
1773	21276
1774	21277
1775	21278
1776	21279
1777	21280
1778	21281
1779	21282
1780	21283
1781	21284
1782	21285
1783	21286
1784	21287
1785	21288
1786	21289
1787	21290
1788	21291
1789	21292
1790	21293
1791	21294
1792	21295
1793	21296
1794	21297
1795	21298
1796	21299
1797	21300
1798	21301
1799	21302
1800	21303
1801	21304
1802	21305
1803	21306
1804	21307
1805	21308
1806	21309
1807	21310
1808	21311
1809	21312
1810	21313
1811	21314
1812	21315
1813	21316
1814	21317
1815	21318
1816	21319
1817	21320
1818	21321
1819	21322
1820	21323
1821	21324
1822	21325
1823	21326
1824	21327
1825	21328
1826	21329
1827	21330
1828	21331
1829	21332
1830	21333
1831	21334
1832	21335
1833	21336
1834	21337
1835	21338
1836	21339
1837	21340
1838	21341
1839	21342
1840	21343
1841	21344
1842	21345
1843	21346
1844	21347
1845	21348
1846	21349
1847	21350
1848	21351
1849	21352
1850	21353
1851	21354
1852	21355
1853	21356
1854	21357
1855	21358
1856	21359
1857	21360
1858	21361
1859	21362
1860	21363
1861	21364
1862	21365
1863	21366
1864	21367
1865	21368
1866	21369
1867	21370
1868	21371
1869	21372
1870	21373
1871	21374
1872	21375
1873	21376
1874	21377
1875	21378
1876	21379
1877	21380
1878	21381
1879	21382
1880	21383
1881	21384
1882	21385
1883	21386
1884	21387
1885	21388
1886	21389
1887	21390
1888	21391
1889	21392
1890	21393
1891	21394
1892	21395
1893	21396
1894	21397
1895	21398
1896	21399
1897	21400
1898	21401
1899	21402
1900	21403
1901	21404
1902	21405
1903	21406
1904	21407
1905	21408
1906	21409
1907	21410
1908	21411
1909	21412
1910	21413
1911	21414
1912	21415
1913	21416
1914	21417
1915	21418
1916	21419
1917	21420
1918	21421
1919	21422
1920	21423
1921	21424
1922	21425
1923	21426
1924	21427
1925	21428
1926	21429
1927	21430
1928	21431
1929	21432
1930	21433
1931	21434
1932	21435
1933	21436
1934	21437
1935	21438
1936	21439
1937	21440
1938	21441
1939	21442
1940	21443
1941	21444
1942	21445
1943	21446
1944	21447
1945	21448
1946	21449
1947	21450
1948	21451
1949	21452
1950	21453
1951	21454
1952	21455
1953	21456
1954	21457
1955	21458
1956	21459
1957	21460
1958	21461
1959	21462
1960	21463
1961	21464
1962	21465
1963	21466
1964	21467
1965	21468
1966	21469
1967	21470
1968	21471
1969	21472
1970	21473
1971	21474
1972	21475
1973	21476
1974	21477
1975	21478
1976	21479
1977	21480
1978	21481
1979	21482
1980	21483
1981	21484
1982	21485
1983	21486
1984	21487
1985	21488
1986	21489
1987	21490
1988	21491
1989	21492
1990	21493
1991	21494
1992	21495
1993	21496
1994	21497
1995	21498
1996	21499
1997	21500
1998	21501
1999	21502
2000	21503
