0	-inf
1	-366
2	-347
3	-335
4	-323
5	0
6	1
7	154
8	190
9	192
10	193
11	194
12	195
13	196
14	197
15	198
16	199
17	200
18	201
19	494
20	697
21	794
22	810
23	927
24	962
25	987
26	1000
27	1003
28	1011
29	1017
30	1025
31	1066
32	1100
33	1122
34	1152
35	1189
36	1200
37	1244
38	1255
39	1282
40	1288
41	1301
42	1302
43	1323
44	1324
45	1329
46	1346
47	1365
48	1385
49	1392
50	1395
51	1405
52	1409
53	1416
54	1419
55	1423
56	1426
57	1428
58	1430
59	1440
60	1443
61	1448
62	1453
63	1454
64	1458
65	1459
66	1462
67	1466
68	1472
69	1478
70	1482
71	1485
72	1490
73	1491
74	1506
75	1509
76	1516
77	1517
78	1521
79	1525
80	1526
81	1527
82	1529
83	1534
84	1538
85	1550
86	1552
87	1561
88	1564
89	1571
90	1580
91	1581
92	1594
93	1596
94	1600
95	1603
96	1608
97	1611
98	1620
99	1621
100	1623
101	1624
102	1625
103	1626
104	1631
105	1632
106	1633
107	1634
108	1639
109	1640
110	1652
111	1656
112	1658
113	1659
114	1660
115	1661
116	1663
117	1665
118	1666
119	1667
120	1668
121	1669
122	1673
123	1676
124	1680
125	1681
126	1682
127	1685
128	1690
129	1692
130	1700
131	1701
132	1703
133	1704
134	1706
135	1707
136	1710
137	1711
138	1712
139	1714
140	1715
141	1718
142	1720
143	1721
144	1723
145	1728
146	1730
147	1732
148	1736
149	1739
150	1742
151	1758
152	1761
153	1762
154	1763
155	1765
156	1768
157	1770
158	1771
159	1772
160	1774
161	1775
162	1776
163	1777
164	1778
165	1783
166	1784
167	1785
168	1786
169	1787
170	1788
171	1789
172	1790
173	1791
174	1792
175	1793
176	1794
177	1795
178	1796
179	1797
180	1798
181	1799
182	1800
183	1801
184	1802
185	1803
186	1804
187	1805
188	1806
189	1807
190	1808
191	1809
192	1810
193	1811
194	1812
195	1813
196	1814
197	1815
198	1816
199	1817
200	1818
201	1819
202	1820
203	1821
204	1822
205	1823
206	1824
207	1825
208	1826
209	1828
210	1829
211	1830
212	1831
213	1832
214	1833
215	1834
216	1835
217	1836
218	1837
219	1838
220	1839
221	1840
222	1841
223	1842
224	1843
225	1844
226	1845
227	1846
228	1847
229	1848
230	1849
231	1850
232	1852
233	1853
234	1854
235	1855
236	1856
237	1857
238	1858
239	1859
240	1860
241	1861
242	1862
243	1863
244	1864
245	1865
246	1866
247	1867
248	1868
249	1869
250	1870
251	1871
252	1872
253	1873
254	1874
255	1875
256	1876
257	1877
258	1878
259	1879
260	1880
261	1881
262	1882
263	1883
264	1884
265	1885
266	1886
267	1887
268	1888
269	1889
270	1890
271	1891
272	1892
273	1893
274	1894
275	1895
276	1896
277	1897
278	1898
279	1899
280	1900
281	1901
282	1902
283	1903
284	1904
285	1905
286	1906
287	1907
288	1908
289	1909
290	1910
291	1911
292	1912
293	1913
294	1914
295	1915
296	1916
297	1917
298	1918
299	1919
300	1920
301	1921
302	1922
303	1923
304	1924
305	1925
306	1926
307	1927
308	1928
309	1929
310	1930
311	1931
312	1932
313	1933
314	1934
315	1935
316	1936
317	1937
318	1938
319	1939
320	1940
321	1941
322	1942
323	1943
324	1944
325	1945
326	1946
327	1947
328	1948
329	1949
330	1950
331	1951
332	1952
333	1953
334	1954
335	1955
336	1956
337	1957
338	1958
339	1959
340	1960
341	1961
342	1962
343	1963
344	1964
345	1965
346	1966
347	1967
348	1968
349	1969
350	1970
351	1971
352	1972
353	1973
354	1974
355	1975
356	1976
357	1977
358	1978
359	1979
360	1980
361	1981
362	1982
363	1983
364	1984
365	1985
366	1986
367	1987
368	1988
369	1989
370	1990
371	1991
372	1992
373	1993
374	1994
375	1995
376	1996
377	1997
378	1998
379	1999
380	2000
381	2001
382	2002
383	2003
384	2004
385	2005
386	2006
387	2007
388	2008
389	2009
390	2010
391	2011
392	2012
393	2013
394	2014
395	2015
396	2016
397	2017
398	2018
399	2019
400	2020
401	2022
402	2036
403	2255
404	19433
