2004	21507
2007	21510
2008	21511
2011	21514
2012	21515
2014	21517
2015	21518
2023	21526
2026	21529
2030	21533
2031	21534
2034	21537
2037	21540
2039	21542
2045	21548
2049	21552
2052	21555
2053	21556
2055	21558
2058	21561
2059	21562
2069	21572
2071	21574
2074	21577
2084	21587
2085	21588
2086	21589
2088	21591
2094	21597
2104	21607
2110	21613
2111	21614
2113	21616
2115	21618
2117	21620
2120	21623
2123	21625
2126	21628
2127	21629
2131	21633
2137	21639
2146	21648
2148	21650
2150	21652
2154	21656
2156	21658
2164	21666
2167	21669
2174	21676
2176	21678
2177	21679
2183	21685
2185	21687
2186	21688
2188	21690
2199	21701
2203	21705
2205	21707
2207	21709
2209	21711
2220	21722
2222	21724
2225	21727
2227	21729
2230	21732
2240	21742
2248	21750
2249	21751
2257	21759
2260	21762
2265	21767
2266	21768
2267	21769
2268	21770
2275	21777
2279	21781
2280	21782
2282	21784
2286	21788
2287	21789
2289	21791
2297	21799
2304	21806
2305	21807
2307	21809
2309	21811
2319	21821
2320	21822
2325	21829
2328	21832
2336	21840
2337	21841
2338	21842
2339	21843
2346	21850
2347	21851
2362	21867
2364	21869
2370	21875
2372	21877
2373	21878
2375	21880
2376	21881
2381	21886
2389	21894
2391	21896
2395	21900
2404	21909
2405	21910
2407	21912
2413	21919
2426	21933
2428	21935
2453	21960
2456	21963
2458	21965
2463	21970
2465	21972
2471	21978
2474	21981
2475	21982
2476	21983
2478	21985
2497	22004
2498	22005
2503	22010
2504	22011
2508	22015
2517	22024
2522	22029
2524	22031
2525	22032
2526	22033
2530	22037
2531	22038
2544	22051
2556	22063
2567	22076
2568	22077
2572	22081
2574	22083
2576	22085
2577	22087
2596	22107
2600	22111
2602	22113
2604	22115
2610	22121
2611	22122
2612	22123
2618	22129
2619	22130
2628	22139
2629	22140
2630	22141
2634	22145
2635	22146
2637	22148
2638	22149
2648	22159
2655	22167
2659	22171
2660	22172
2661	22173
2662	22174
2664	22176
2671	22183
2674	22186
2686	22199
2687	22200
2689	22202
2690	22203
2691	22204
2693	22206
2696	22209
2699	22212
2705	22218
2709	22222
2711	22224
2715	22228
2717	22230
2726	22240
2739	22253
2741	22255
2743	22258
2749	22264
2750	22265
2760	22275
2761	22276
2776	22291
2782	22297
2787	22302
2789	22304
2796	22312
2801	22317
2805	22321
2806	22322
2808	22324
2809	22325
2810	22326
2847	22363
2853	22369
2862	22378
2871	22387
2872	22388
2874	22390
2876	22392
2879	22395
2883	22399
2895	22411
2906	22422
2910	22426
2911	22427
2913	22429
2915	22431
2917	22433
2930	22446
2938	22454
2945	22461
2949	22465
2950	22466
2958	22474
2962	22478
2964	22480
2974	22490
2975	22491
2980	22496
2983	22499
2997	22513
3001	22517
3002	22518
3003	22519
3004	22520
3007	22523
3009	22525
3011	22527
3027	22543
3029	22545
3033	22549
3034	22550
3035	22551
3039	22555
3042	22558
3043	22559
3044	22560
3045	22561
3046	22562
3051	22567
3055	22571
3056	22572
3064	22580
3067	22583
3068	22584
3076	22592
3082	22598
3087	22603
3092	22608
3124	22640
3125	22641
3129	22644
3132	22647
3137	22652
3143	22658
3146	22662
3158	22674
3160	22676
3167	22685
3182	22702
3183	22703
3196	22716
3197	22717
3200	22721
3206	22727
3242	22763
3243	22764
3246	22767
3252	22773
3254	22775
3267	22788
3281	22802
3284	22805
3285	22806
3289	22810
3290	22811
3296	22819
3297	22820
3298	22821
3304	22827
3314	22838
3317	22841
3318	22842
3321	22845
3340	22864
3341	22865
3342	22866
3362	22886
3366	22890
3369	22893
3370	22894
3371	22895
3374	22898
3378	22902
3388	22912
3391	22915
3405	22931
3408	22934
3409	22935
3411	22937
3416	22942
3420	22947
3427	22954
3429	22956
3430	22957
3431	22958
3432	22959
3448	22975
3449	22976
3459	22986
3462	22989
3463	22990
3466	22993
3470	22997
3473	23000
3477	23004
3484	23011
3489	23016
3491	23018
3495	23022
3496	23023
3497	23024
3523	23052
3524	23053
3534	23065
3539	23071
3540	23072
3542	23074
3545	23077
3555	23087
3562	23093
3566	23097
3568	23099
3569	23100
3570	23101
3578	23110
3590	23122
3604	23137
3619	23152
3621	23154
3639	23172
3643	23176
3651	23184
3652	23185
3658	23191
3668	23201
3670	23203
3694	23227
3700	23233
3703	23236
3704	23237
3705	23238
3710	23242
3714	23246
3715	23247
3719	23251
3727	23259
3728	23260
3729	23261
3730	23262
3731	23263
3754	23287
3755	23288
3763	23296
3768	23301
3771	23304
3775	23308
3780	23313
3781	23314
3803	23336
3805	23338
3809	23343
3821	23355
3823	23357
3827	23361
3830	23364
3831	23365
3832	23366
3836	23370
3838	23373
3839	23374
3841	23376
3843	23378
3868	23405
3889	23427
3901	23439
3916	23454
3918	23456
3932	23470
3938	23476
3963	23503
3967	23507
3968	23508
3975	23515
3982	23522
3992	23531
4002	23541
4013	23552
4022	23562
4024	23564
4035	23576
4040	23582
4055	23598
4057	23600
4067	23612
4070	23616
4074	23620
4077	23623
4109	23656
4123	23670
4128	23675
4131	23678
4134	23682
4136	23684
4140	23688
4143	23691
4144	23692
4146	23694
4147	23695
4149	23698
4154	23703
4164	23713
4167	23716
4174	23723
4177	23726
4178	23727
4198	23749
4199	23750
4206	23757
4218	23769
4219	23770
4231	23783
4239	23791
4241	23793
4244	23796
4247	23799
4248	23800
4250	23802
4265	23817
4266	23818
4284	23838
4298	23854
4301	23857
4306	23862
4312	23869
4320	23878
4323	23880
4329	23885
4332	23888
4333	23889
4339	23895
4376	23934
4377	23935
4383	23941
4402	23960
4406	23964
4416	23974
4425	23983
4436	23994
4439	23997
4459	24017
4460	24018
4475	24033
4476	24034
4483	24041
4496	24054
4506	24064
4515	24074
4525	24084
4533	24092
4534	24093
4536	24095
4542	24101
4543	24103
4544	24104
4545	24105
4561	24122
4582	24143
4605	24166
4619	24180
4626	24187
4631	24192
4645	24206
4646	24207
4647	24208
4651	24213
4659	24220
4662	24223
4672	24233
4686	24248
4693	24255
4703	24265
4707	24269
4708	24270
4710	24273
4717	24280
4725	24288
4733	24296
4734	24297
4742	24306
4763	24327
4767	24331
4771	24335
4772	24336
4778	24342
4781	24345
4783	24347
4790	24356
4801	24367
4804	24370
4810	24377
4812	24379
4813	24380
4816	24383
4818	24385
4821	24388
4831	24398
4846	24412
4852	24419
4869	24436
4876	24443
4885	24452
4889	24456
4891	24458
4892	24459
4897	24464
4908	24475
4915	24483
4927	24495
4931	24499
4938	24506
4942	24510
4943	24511
4949	24517
4970	24538
5002	24570
5012	24582
5020	24590
5025	24595
5033	24604
5035	24606
5040	24612
5055	24628
5059	24632
5060	24633
5073	24647
5074	24648
5075	24649
5077	24651
5082	24656
5083	24657
5088	24662
5094	24668
5095	24670
5099	24675
5109	24685
5124	24700
5129	24705
5136	24712
5139	24715
5143	24719
5153	24730
5154	24731
5155	24732
5157	24734
5158	24735
5165	24743
5167	24745
5182	24760
5183	24761
5186	24764
5194	24772
5196	24774
5199	24777
5205	24783
5221	24800
5226	24805
5229	24808
5231	24810
5233	24812
5241	24821
5245	24826
5248	24829
5251	24832
5254	24835
5256	24837
5262	24843
5264	24845
5266	24847
5268	24849
5274	24855
5277	24859
5280	24862
5281	24863
5282	24864
5284	24866
5307	24889
5320	24902
5329	24911
5330	24912
5345	24926
5354	24935
5355	24936
5362	24943
5368	24949
5369	24950
5384	24965
5390	24971
5391	24972
5395	24976
5398	24979
5399	24980
5405	24986
5406	24987
5411	24994
5414	24997
5417	25000
5425	25008
5433	25016
5435	25018
5441	25024
5455	25038
5460	25044
5464	25048
5467	25051
5477	25062
5481	25066
5488	25073
5493	25078
5498	25083
5502	25087
5515	25103
5519	25107
5523	25111
5531	25119
5537	25126
5553	25142
5561	25150
5563	25152
5564	25153
5580	25169
5585	25174
5591	25180
5593	25182
5597	25186
5600	25189
5605	25195
5606	25196
5607	25197
5609	25199
5615	25205
5620	25210
5627	25217
5632	25222
5633	25223
5639	25229
5643	25233
5647	25237
5648	25238
5653	25243
5658	25248
5661	25251
5667	25256
5671	25260
5672	25261
5675	25264
5688	25277
5695	25284
5696	25285
5699	25288
5703	25292
5704	25294
5706	25296
5708	25300
5710	25302
5713	25305
5716	25308
5732	25324
5733	25325
5734	25326
5735	25327
5751	25345
5763	25358
5767	25362
5768	25363
5778	25373
5791	25387
5796	25392
5797	25393
5798	25394
5799	25395
5803	25399
5822	25418
5827	25422
5828	25423
5829	25424
5846	25441
5847	25443
5856	25455
5859	25458
5862	25461
5863	25462
5867	25466
5868	25467
5871	25470
5875	25474
5876	25475
5878	25477
5880	25479
5881	25480
5884	25483
5885	25484
5887	25486
5895	25494
5896	25495
5906	25505
5912	25512
5914	25514
5917	25517
5919	25520
5929	25530
5931	25532
5932	25533
5933	25534
5962	25565
5965	25569
5968	25572
5969	25573
5983	25587
5984	25588
5985	25589
5989	25593
5998	25602
6003	25607
6011	25615
6012	25616
6018	25622
6026	25630
6035	25640
6036	25641
6039	25644
6042	25647
6045	25650
6055	25661
6057	25663
6061	25667
6062	25668
6063	25669
6064	25670
6067	25673
6068	25674
6076	25682
6082	25688
6083	25689
6088	25694
6091	25697
6095	25701
6096	25702
6098	25704
6099	25705
6100	25706
6105	25711
6116	25722
6119	25725
6120	25726
6122	25728
6127	25734
6134	25741
6135	25742
6136	25743
6138	25745
6139	25746
6140	25747
6141	25748
6146	25754
6148	25756
6149	25757
6150	25758
6156	25764
6157	25765
6160	25768
6165	25773
6172	25780
6174	25782
6175	25783
6177	25785
6178	25786
6182	25790
6183	25791
6184	25792
6188	25796
6190	25798
6191	25799
6192	25800
6193	25801
6194	25802
6198	25806
6199	25807
6205	25813
6208	25816
6213	25821
6215	25823
6216	25824
6217	25825
6219	25827
6223	25831
6226	25834
6227	25836
6233	25842
6235	25844
6238	25847
6254	25863
6260	25869
6267	25877
6270	25880
6277	25887
6281	25891
6290	25901
6293	25904
6294	25905
6296	25907
6298	25909
6300	25911
6301	25912
6305	25916
6318	25929
6322	25933
6326	25937
6329	25940
6333	25944
6334	25945
6343	25954
6350	25961
6368	25980
6378	25991
6385	25998
6393	26006
6398	26011
6399	26012
6406	26019
6407	26020
6414	26027
6421	26034
6422	26035
6427	26040
6431	26044
6437	26049
6440	26052
6442	26054
6444	26056
6447	26059
6451	26063
6452	26064
6468	26080
6471	26083
6476	26088
6478	26090
6481	26093
6482	26094
6484	26096
6485	26097
6488	26100
6490	26103
6492	26105
6504	26117
6507	26120
6510	26123
6512	26124
6514	26126
6515	26127
6516	26128
6525	26137
6526	26138
6527	26139
6529	26141
6531	26144
6534	26147
6536	26149
6540	26153
6541	26154
6543	26156
6546	26159
6549	26162
6550	26163
6551	26164
6552	26165
6554	26167
6555	26168
6556	26169
6557	26170
6560	26173
6562	26175
6563	26176
6564	26177
6565	26178
6568	26181
6569	26182
6577	26190
6581	26194
6582	26195
6598	26212
6602	26216
6603	26217
6610	26225
6622	26237
6631	26248
6633	26250
6634	26251
6635	26252
6643	26260
6644	26261
6648	26266
6649	26267
6650	26268
6654	26272
6658	26276
6659	26277
6663	26281
6682	26300
6683	26301
6685	26303
6701	26319
6703	26321
6707	26325
6709	26327
6710	26328
6713	26331
6715	26333
6727	26345
6731	26349
6734	26353
6745	26365
6747	26367
6751	26371
6753	26373
6755	26375
6759	26379
6761	26381
6764	26384
6766	26386
6772	26393
6778	26400
6780	26402
6783	26405
6792	26414
6793	26415
6794	26416
6798	26420
6800	26422
6801	26423
6802	26424
6805	26427
6809	26432
6810	26433
6811	26434
6816	26440
6824	26448
6829	26453
6830	26454
6832	26456
6834	26458
6836	26460
6839	26463
6841	26465
6842	26466
6845	26469
6849	26473
6851	26475
6852	26476
6854	26479
6859	26484
6861	26486
6869	26494
6871	26496
6872	26497
6877	26502
6878	26503
6880	26505
6881	26506
6882	26507
6887	26512
6889	26514
6890	26515
6891	26516
6892	26517
6893	26518
6894	26519
6896	26521
6898	26523
6900	26525
6904	26529
6906	26531
6907	26532
6911	26536
6912	26537
6916	26541
6919	26544
6922	26547
6923	26548
6933	26559
6935	26561
6938	26564
6943	26569
6944	26570
6945	26571
6946	26572
6948	26574
6949	26575
6950	26576
6957	26583
6958	26584
6960	26586
6963	26589
6976	26604
6994	26623
7001	26630
7005	26635
7007	26637
7028	26659
7030	26661
7040	26671
7046	26677
7049	26680
7050	26681
7055	26686
7058	26689
7061	26692
7064	26695
7071	26702
7073	26704
7074	26705
7079	26710
7083	26714
7093	26724
7094	26725
7095	26726
7103	26734
7129	26762
7135	26768
7136	26769
7147	26781
7149	26784
7153	26789
7154	26790
7155	26791
7157	26793
7159	26795
7161	26797
7165	26801
7166	26802
7172	26808
7174	26811
7176	26815
7183	26824
7185	26826
7186	26827
7187	26828
7188	26829
7189	26830
7190	26831
7193	26834
7194	26835
7198	26839
7199	26840
7201	26842
7202	26843
7204	26845
7205	26846
7206	26847
7207	26848
7211	26852
7212	26853
7213	26854
7219	26860
7223	26864
7224	26865
7227	26868
7232	26873
7235	26876
7237	26878
7238	26879
7239	26880
7240	26881
7241	26882
7242	26883
7248	26889
7249	26890
7252	26893
7253	26894
7258	26899
7261	26902
7262	26903
7264	26905
7266	26907
7267	26908
7268	26909
7271	26912
7276	26917
7277	26918
7281	26922
7283	26924
7288	26929
7290	26931
7296	26937
7301	26942
7305	26946
7306	26947
7307	26948
7308	26949
7310	26951
7311	26952
7312	26954
7313	26956
7315	26958
7317	26960
7325	26968
7330	26973
7336	26979
7337	26980
7338	26981
7340	26983
7345	26988
7349	26992
7355	26998
7356	26999
7360	27003
7363	27006
7364	27007
7366	27009
7367	27010
7368	27011
7370	27013
7371	27014
7373	27016
7376	27019
7380	27023
7381	27024
7382	27025
7384	27027
7386	27029
7387	27030
7390	27033
7391	27034
7392	27035
7399	27043
7400	27044
7401	27045
7403	27047
7405	27049
7406	27050
7407	27051
7409	27053
7413	27058
7416	27061
7418	27063
7419	27064
7420	27065
7421	27066
7428	27073
7430	27075
7431	27076
7432	27077
7435	27081
7438	27084
7447	27093
7459	27108
7461	27110
7463	27112
7476	27125
7486	27136
7502	27154
7503	27155
7505	27157
7508	27160
7514	27166
7516	27168
7518	27170
7524	27177
7532	27185
7533	27186
7535	27188
7537	27190
7541	27194
7545	27199
7549	27204
7555	27210
7563	27218
7564	27219
7565	27220
7567	27222
7569	27224
7572	27227
7574	27229
7577	27232
7578	27233
7580	27235
7585	27240
7586	27241
7590	27245
7593	27248
7594	27249
7600	27255
7601	27256
7606	27263
7608	27265
7614	27271
7622	27279
7624	27281
7630	27287
7631	27288
7635	27292
7636	27293
7639	27296
7642	27299
7643	27300
7644	27301
7647	27305
7649	27307
7651	27309
7660	27318
7661	27319
7662	27320
7664	27322
7665	27323
7669	27328
7672	27331
7675	27334
7679	27338
7681	27340
7682	27341
7683	27342
7691	27350
7694	27353
7695	27354
7698	27357
7701	27360
7703	27362
7704	27363
7705	27364
7706	27365
7712	27371
7713	27372
7716	27375
7717	27376
7719	27378
7720	27379
7721	27380
7724	27383
7725	27384
7728	27387
7729	27388
7731	27390
7734	27393
7736	27395
7737	27396
7738	27397
7740	27399
7746	27405
7748	27407
7750	27409
7751	27410
7754	27413
7755	27414
7756	27415
7759	27419
7762	27422
7765	27425
7767	27427
7768	27428
7770	27430
7771	27431
7772	27432
7773	27433
7774	27434
7777	27437
7780	27440
7782	27442
7788	27448
7793	27453
7794	27454
7797	27457
7800	27460
7801	27461
7803	27463
7805	27465
7806	27466
7807	27467
7808	27468
7809	27469
7812	27473
7813	27474
7814	27475
7815	27476
7817	27478
7819	27480
7820	27481
7823	27484
7827	27488
7830	27491
7831	27492
7833	27494
7834	27495
7835	27496
7836	27497
7838	27499
7842	27503
7844	27505
7846	27507
7849	27510
7853	27514
7854	27515
7855	27516
7856	27517
7857	27518
7858	27519
7859	27520
7860	27521
7862	27524
7867	27529
7874	27536
7876	27538
7879	27541
7882	27544
7883	27545
7884	27546
7885	27547
7886	27548
7887	27549
7888	27550
7898	27560
7900	27562
7902	27564
7903	27565
7904	27566
7905	27567
7906	27568
7907	27569
7910	27572
7911	27573
7912	27574
7913	27575
7915	27577
7918	27580
7924	27586
7926	27588
7928	27590
7932	27594
7933	27595
7934	27596
7936	27598
7939	27602
7941	27604
7943	27606
7945	27608
7947	27610
7949	27612
7950	27613
7952	27615
7953	27616
7954	27617
7955	27618
7957	27620
7958	27621
7959	27622
7961	27624
7963	27626
7965	27628
7966	27629
7967	27630
7968	27631
7969	27632
7972	27635
7975	27638
7976	27639
7980	27643
7981	27644
7984	27647
7985	27648
7987	27650
7988	27651
7990	27653
7994	27657
8005	27668
8011	27674
8023	27686
8025	27688
8032	27695
8035	27698
8037	27700
8039	27702
8041	27707
8046	27713
8049	27716
8064	27731
8067	27735
8074	27743
8075	27744
8077	27746
8082	27751
8085	27754
8086	27755
8092	27761
8093	27762
8096	27765
8099	27768
8102	27771
8105	27774
8112	27781
8113	27782
8116	27786
8117	27787
8122	27792
8126	27797
8127	27798
8128	27799
8136	27807
8137	27808
8138	27809
8139	27810
8141	27812
8142	27813
8145	27816
8147	27818
8150	27821
8151	27822
8154	27825
8155	27826
8156	27828
8158	27830
8163	27835
8166	27838
8167	27839
8169	27841
8174	27846
8176	27849
8181	27854
8187	27860
8189	27862
8193	27868
8200	27875
8205	27880
8218	27893
8222	27898
8233	27910
8235	27912
8237	27914
8238	27915
8243	27920
8245	27922
8246	27923
8251	27929
8260	27938
8263	27941
8267	27945
8269	27947
8275	27953
8276	27954
8279	27957
8284	27963
8285	27964
8300	27979
8302	27981
8304	27983
8306	27985
8307	27986
8309	27988
8311	27990
8313	27992
8314	27993
8319	27998
8320	27999
8323	28002
8326	28005
8329	28008
8331	28010
8333	28012
8335	28014
8336	28015
8337	28016
8338	28017
8342	28021
8345	28025
8346	28026
8348	28028
8351	28031
8352	28032
8353	28033
8354	28034
8357	28037
8358	28038
8359	28039
8364	28044
8365	28045
8366	28046
8367	28047
8368	28048
8369	28049
8373	28053
8376	28056
8378	28058
8379	28059
8381	28062
8390	28073
8391	28074
8393	28076
8403	28087
8404	28088
8406	28090
8409	28093
8410	28094
8412	28096
8415	28099
8416	28100
8417	28101
8419	28103
8420	28104
8421	28105
8422	28106
8425	28109
8430	28114
8431	28115
8434	28118
8435	28119
8437	28121
8438	28122
8439	28123
8440	28124
8442	28126
8445	28131
8446	28132
8447	28133
8452	28138
8453	28139
8454	28140
8457	28143
8461	28147
8463	28149
8464	28150
8466	28152
8467	28153
8470	28156
8474	28159
8478	28163
8482	28167
8484	28169
8485	28170
8486	28171
8487	28172
8488	28173
8489	28174
8497	28182
8500	28185
8501	28186
8503	28188
8506	28191
8509	28194
8510	28195
8513	28198
8514	28199
8515	28200
8518	28203
8520	28205
8521	28206
8527	28212
8530	28215
8532	28217
8533	28218
8537	28222
8538	28223
8539	28224
8540	28225
8541	28226
8542	28227
8543	28228
8547	28232
8548	28233
8550	28235
8551	28236
8552	28237
8555	28241
8556	28244
8557	28245
8560	28248
8561	28249
8563	28251
8565	28253
8566	28254
8568	28256
8570	28258
8571	28259
8577	28265
8578	28266
8579	28267
8580	28268
8582	28270
8588	28276
8589	28277
8590	28278
8591	28279
8592	28280
8594	28282
8597	28286
8601	28290
8602	28291
8603	28292
8604	28293
8607	28296
8608	28297
8610	28299
8611	28300
8612	28301
8613	28302
8614	28303
8615	28304
8619	28308
8622	28311
8625	28314
8626	28315
8627	28316
8628	28317
8630	28319
8631	28320
8632	28322
8633	28323
8634	28324
8635	28325
8639	28329
8642	28332
8643	28333
8648	28338
8651	28341
8656	28346
8657	28347
8658	28348
8666	28358
8669	28361
8670	28362
8673	28365
8680	28372
8685	28377
8687	28379
8690	28382
8694	28386
8697	28390
8698	28391
8701	28394
8705	28398
8708	28401
8709	28402
8725	28418
8727	28420
8731	28424
8733	28426
8740	28433
8743	28436
8744	28437
8745	28438
8746	28439
8752	28445
8755	28448
8761	28454
8764	28457
8766	28459
8767	28460
8768	28461
8769	28462
8771	28464
8779	28472
8780	28473
8782	28475
8785	28478
8786	28479
8796	28489
8799	28492
8802	28495
8803	28496
8807	28500
8808	28501
8809	28502
8810	28503
8811	28504
8812	28505
8814	28507
8817	28510
8820	28513
8824	28517
8827	28520
8828	28521
8832	28525
8835	28528
8836	28529
8837	28530
8838	28531
8839	28532
8842	28535
8845	28538
8849	28542
8860	28554
8864	28558
8866	28560
8872	28567
8874	28569
8876	28571
8878	28573
8879	28574
8880	28575
8888	28584
8892	28588
8894	28591
8897	28594
8898	28595
8900	28597
8902	28599
8903	28600
8906	28603
8908	28605
8909	28606
8911	28608
8912	28609
8913	28610
8916	28613
8920	28617
8924	28621
8929	28626
8933	28630
8934	28632
8936	28634
8937	28635
8938	28637
8945	28644
8946	28645
8948	28647
8953	28652
8954	28653
8956	28655
8958	28657
8959	28658
8967	28666
8969	28668
8974	28673
8976	28675
8980	28679
8981	28680
8985	28685
8990	28690
8993	28693
9006	28707
9008	28709
9010	28711
9012	28713
9019	28719
9020	28720
9021	28721
9022	28722
9023	28723
9025	28725
9027	28727
9029	28729
9030	28730
9031	28731
9034	28735
9036	28737
9039	28740
9043	28744
9044	28745
9046	28747
9047	28748
9052	28753
9064	28765
9065	28766
9066	28767
9070	28771
9071	28772
9072	28773
9073	28774
9075	28776
9076	28777
9077	28778
9081	28782
9082	28783
9088	28788
9089	28789
9094	28794
9095	28795
9096	28796
9097	28797
9100	28800
9103	28803
9111	28811
9112	28812
9113	28813
9116	28816
9117	28817
9118	28818
9119	28819
9120	28820
9121	28821
9123	28823
9124	28824
9125	28825
9126	28826
9127	28827
9128	28828
9130	28830
9132	28832
9133	28834
9135	28836
9137	28838
9141	28842
9142	28843
9144	28845
9145	28846
9147	28848
9148	28849
9149	28850
9152	28853
9156	28858
9160	28862
9164	28866
9165	28867
9167	28869
9169	28871
9170	28872
9172	28874
9177	28879
9180	28882
9181	28883
9185	28887
9186	28888
9189	28891
9190	28892
9191	28893
9193	28895
9194	28896
9196	28898
9199	28901
9200	28902
9203	28905
9205	28907
9207	28909
9208	28910
9209	28911
9211	28913
9212	28914
9213	28915
9214	28916
9215	28917
9216	28918
9217	28919
9218	28920
9220	28922
9221	28923
9222	28924
9224	28926
9226	28928
9227	28929
9229	28931
9230	28932
9231	28933
9234	28936
9239	28941
9240	28942
9243	28946
9249	28952
9251	28954
9252	28955
9253	28956
9254	28957
9255	28958
9259	28962
9260	28963
9261	28964
9262	28965
9264	28967
9265	28968
9266	28969
9269	28972
9270	28973
9271	28974
9272	28975
9273	28976
9274	28977
9277	28980
9279	28982
9280	28983
9281	28984
9282	28985
9283	28986
9285	28989
9286	28990
9287	28991
9290	28994
9291	28995
9293	28997
9294	28998
9295	29000
9296	29001
9300	29005
9302	29007
9304	29009
9305	29010
9306	29011
9308	29013
9310	29015
9312	29017
9314	29019
9316	29021
9317	29022
9318	29023
9320	29025
9322	29027
9323	29028
9325	29030
9326	29031
9331	29036
9332	29037
9333	29038
9334	29039
9335	29040
9338	29043
9339	29044
9341	29046
9342	29047
9343	29048
9349	29054
9350	29055
9351	29056
9353	29058
9354	29059
9355	29060
9357	29062
9358	29063
9359	29064
9361	29066
9362	29067
9363	29068
9364	29069
9365	29070
9368	29073
9369	29074
9370	29075
9373	29078
9374	29079
9375	29080
9377	29082
9378	29083
9379	29084
9381	29086
9382	29087
9383	29088
9384	29089
9386	29091
9387	29092
9389	29094
9391	29096
9395	29100
9399	29104
9400	29105
9402	29107
9403	29108
9404	29109
9405	29110
9406	29111
9407	29112
9408	29113
9409	29114
9411	29116
9415	29120
9416	29121
9421	29126
9422	29127
9423	29128
9424	29129
9425	29130
9428	29133
9429	29134
9430	29135
9432	29137
9433	29138
9434	29139
9436	29141
9437	29142
9439	29144
9441	29146
9442	29147
9444	29149
9445	29150
9446	29151
9447	29152
9448	29153
9449	29154
9453	29158
9456	29161
9457	29162
9458	29163
9459	29164
9460	29166
9461	29167
9462	29168
9463	29169
9468	29174
9469	29175
9476	29182
9483	29189
9484	29190
9487	29193
9491	29197
9493	29199
9494	29200
9495	29201
9496	29203
9497	29204
9498	29205
9499	29206
9501	29208
9503	29210
9504	29211
9507	29214
9509	29216
9510	29217
9514	29221
9519	29226
9520	29227
9521	29228
9522	29229
9525	29232
9527	29235
9528	29236
9529	29237
9530	29238
9533	29241
9534	29242
9535	29243
9538	29246
9539	29247
9540	29248
9541	29249
9542	29250
9543	29251
9545	29253
9546	29254
9547	29255
9552	29260
9553	29261
9554	29262
9555	29263
9556	29264
9559	29267
9561	29270
9564	29273
9566	29275
9568	29277
9569	29278
9586	29295
9591	29300
9595	29304
9600	29309
9606	29316
9609	29319
9610	29320
9613	29323
9615	29325
9616	29326
9621	29331
9623	29334
9624	29335
9626	29337
9629	29340
9631	29342
9634	29345
9635	29346
9637	29348
9640	29351
9643	29354
9645	29356
9646	29357
9659	29372
9663	29377
9664	29378
9665	29379
9672	29386
9673	29387
9675	29389
9681	29395
9683	29397
9684	29398
9689	29403
9691	29405
9701	29415
9703	29417
9705	29420
9708	29423
9715	29430
9717	29432
9719	29434
9724	29439
9728	29443
9731	29446
9738	29453
9739	29454
9741	29456
9743	29458
9744	29459
9745	29460
9746	29461
9748	29463
9751	29466
9752	29467
9756	29471
9757	29472
9760	29475
9762	29477
9764	29479
9770	29485
9772	29487
9773	29488
9777	29492
9779	29494
9781	29496
9782	29497
9783	29498
9792	29507
9793	29508
9796	29511
9797	29512
9799	29514
9808	29523
9813	29528
9819	29534
9820	29535
9821	29536
9824	29539
9827	29541
9829	29543
9832	29546
9838	29553
9839	29554
9841	29556
9852	29566
9855	29569
9859	29573
9862	29576
9867	29581
9872	29586
9873	29587
9874	29588
9875	29589
9878	29592
9884	29599
9887	29602
9889	29604
9890	29605
9891	29606
9895	29610
9896	29611
9903	29620
9904	29621
9905	29622
9909	29626
9910	29627
9911	29628
9912	29629
9913	29630
9914	29631
9920	29637
9921	29638
9922	29639
9932	29651
9936	29655
9938	29657
9942	29661
9963	29682
9968	29688
9969	29689
9970	29690
9978	29699
9980	29701
9982	29703
9984	29705
9987	29708
9988	29709
9989	29710
9990	29711
9991	29712
9992	29713
9993	29714
9996	29717
9997	29718
9999	29720
10004	29725
10005	29726
10006	29727
10007	29728
10008	29729
10009	29730
10017	29738
10021	29742
10023	29744
10024	29745
10027	29748
10028	29749
10032	29753
10033	29754
10038	29759
10042	29763
10043	29764
10044	29765
10045	29766
10047	29768
10050	29771
10053	29774
10054	29775
10057	29778
10059	29780
10065	29786
10068	29789
10070	29792
10071	29793
10072	29794
10073	29795
10076	29798
10078	29800
10085	29807
10089	29811
10090	29812
10091	29813
10092	29814
10102	29824
10104	29826
10105	29827
10106	29828
10107	29829
10109	29831
10111	29833
10112	29834
10113	29835
10117	29839
10120	29842
10121	29843
10123	29845
10126	29849
10129	29852
10131	29854
10133	29856
10134	29857
10135	29858
10136	29859
10141	29864
10143	29866
10144	29867
10145	29868
10148	29871
10149	29873
10150	29874
10152	29876
10155	29879
10156	29880
10157	29881
10159	29883
10160	29884
10162	29886
10164	29888
10168	29892
10171	29895
10172	29896
10175	29899
10178	29902
10179	29903
10181	29905
10182	29906
10184	29908
10185	29909
10187	29911
10190	29914
10194	29918
10195	29919
10196	29920
10199	29923
10200	29924
10204	29928
10205	29929
10209	29933
10210	29934
10211	29935
10213	29937
10216	29940
10217	29941
10226	29951
10227	29952
10228	29953
10229	29954
10230	29955
10231	29956
10232	29957
10236	29962
10237	29963
10239	29965
10240	29966
10242	29968
10247	29973
10248	29974
10250	29976
10251	29977
10252	29978
10253	29979
10257	29983
10258	29984
10261	29988
10262	29989
10266	29993
10267	29994
10269	29996
10271	29998
10273	30000
10274	30001
10276	30003
10277	30004
10280	30007
10282	30009
10283	30010
10284	30011
10286	30013
10287	30014
10288	30015
10290	30017
10296	30024
10297	30025
10298	30026
10301	30029
10302	30030
10303	30031
10309	30037
10311	30039
10313	30041
10314	30042
10316	30044
10317	30045
10319	30047
10321	30049
10323	30051
10324	30052
10325	30054
10326	30055
10329	30058
10337	30066
10338	30067
10339	30068
10340	30069
10347	30076
10350	30079
10354	30083
10357	30086
10358	30087
10359	30088
10362	30091
10363	30092
10368	30097
10369	30098
10370	30099
10371	30100
10372	30101
10375	30104
10376	30105
10379	30108
10381	30110
10383	30112
10384	30113
10386	30115
10388	30117
10389	30118
10393	30122
10394	30123
10395	30124
10396	30125
10398	30127
10399	30128
10401	30130
10404	30133
10406	30135
10410	30139
10411	30140
10412	30141
10413	30142
10414	30143
10416	30145
10417	30146
10420	30149
10421	30150
10422	30151
10423	30152
10425	30154
10426	30155
10428	30157
10430	30159
10432	30161
10435	30164
10437	30166
10438	30167
10440	30169
10443	30172
10446	30175
10447	30176
10450	30179
10454	30183
10458	30187
10474	30204
10488	30218
10494	30224
10495	30225
10498	30228
10501	30231
10506	30236
10509	30239
10510	30240
10515	30245
10516	30246
10517	30247
10520	30250
10521	30251
10524	30254
10525	30255
10527	30257
10532	30262
10533	30263
10536	30266
10543	30273
10544	30274
10548	30278
10549	30279
10552	30282
10554	30284
10556	30286
10561	30291
10562	30293
10565	30296
10566	30297
10567	30298
10568	30299
10583	30315
10585	30317
10587	30319
10589	30321
10595	30327
10599	30331
10600	30332
10603	30335
10604	30336
10609	30341
10610	30342
10612	30344
10616	30348
10618	30350
10619	30351
10620	30352
10621	30353
10623	30355
10625	30357
10627	30359
10630	30362
10631	30363
10632	30364
10635	30368
10637	30370
10639	30372
10642	30375
10646	30379
10651	30384
10655	30388
10656	30389
10661	30394
10662	30395
10664	30397
10665	30398
10667	30400
10669	30402
10670	30403
10671	30404
10672	30405
10673	30406
10674	30407
10675	30408
10678	30411
10679	30412
10680	30413
10681	30414
10682	30415
10683	30416
10685	30418
10688	30421
10689	30422
10690	30423
10694	30427
10696	30432
10699	30435
10700	30436
10702	30438
10703	30439
10707	30443
10710	30446
10711	30448
10713	30450
10715	30452
10717	30454
10718	30455
10720	30457
10730	30467
10736	30473
10737	30474
10739	30476
10740	30477
10742	30479
10743	30480
10746	30483
10747	30484
10751	30488
10753	30490
10756	30493
10759	30496
10760	30497
10764	30501
10767	30504
10768	30505
10769	30506
10770	30507
10775	30513
10776	30514
10780	30518
10782	30520
10786	30524
10787	30525
10788	30526
10793	30531
10799	30537
10800	30538
10801	30539
10802	30540
10803	30541
10805	30543
10808	30546
10809	30547
10810	30548
10814	30552
10815	30553
10817	30555
10819	30557
10820	30558
10821	30559
10827	30565
10830	30568
10831	30569
10832	30570
10833	30571
10835	30573
10840	30579
10843	30582
10845	30584
10846	30585
10848	30587
10849	30588
10850	30589
10851	30590
10852	30591
10854	30593
10861	30601
10862	30602
10863	30603
10867	30607
10869	30609
10871	30611
10872	30612
10875	30616
10886	30627
10893	30634
10898	30639
10901	30642
10903	30645
10906	30648
10907	30649
10909	30651
10910	30652
10911	30653
10915	30657
10917	30659
10922	30664
10926	30668
10928	30670
10935	30678
10940	30683
10942	30685
10946	30689
10948	30691
10950	30693
10953	30697
10954	30698
10955	30699
10956	30700
10957	30701
10958	30702
10961	30705
10962	30706
10967	30711
10968	30712
10973	30717
10974	30718
10977	30721
10978	30722
10979	30723
10980	30724
10982	30726
10986	30730
10988	30732
10990	30734
10994	30738
10998	30742
10999	30743
11000	30744
11002	30746
11004	30748
11011	30755
11012	30756
11013	30757
11015	30759
11016	30761
11018	30763
11020	30765
11022	30767
11024	30769
11026	30771
11028	30773
11029	30774
11030	30775
11032	30777
11036	30781
11038	30783
11039	30784
11040	30785
11042	30787
11043	30788
11044	30789
11046	30791
11048	30793
11050	30795
11051	30796
11052	30797
11054	30800
11057	30803
11059	30805
11060	30806
11064	30811
11072	30819
11074	30821
11075	30822
11076	30823
11077	30825
11079	30827
11081	30829
11084	30832
11086	30834
11087	30835
11089	30837
11090	30839
11091	30840
11092	30841
11093	30842
11094	30843
11095	30844
11096	30845
11100	30849
11103	30852
11104	30853
11108	30857
11110	30859
11112	30861
11114	30863
11118	30867
11119	30868
11120	30869
11121	30870
11122	30871
11123	30872
11126	30875
11135	30884
11144	30893
11146	30895
11148	30898
11152	30903
11153	30904
11155	30906
11156	30907
11158	30909
11164	30915
11166	30917
11168	30919
11170	30921
11176	30927
11178	30929
11185	30935
11187	30937
11188	30938
11189	30939
11191	30941
11193	30943
11194	30944
11196	30946
11197	30947
11201	30951
11203	30953
11206	30956
11207	30957
11208	30958
11210	30960
11213	30963
11215	30965
11217	30967
11219	30969
11220	30970
11221	30971
11222	30972
11223	30973
11224	30974
11227	30977
11228	30978
11229	30979
11230	30980
11232	30982
11234	30984
11236	30986
11237	30987
11241	30991
11242	30992
11243	30993
11244	30994
11246	30996
11248	30998
11249	30999
11250	31000
11252	31002
11253	31003
11254	31004
11255	31005
11256	31006
11258	31008
11259	31009
11260	31010
11263	31013
11265	31015
11266	31016
11268	31018
11269	31019
11270	31020
11272	31022
11273	31023
11276	31026
11277	31027
11282	31033
11283	31034
11284	31035
11286	31037
11288	31039
11289	31040
11293	31044
11295	31046
11296	31047
11299	31050
11300	31051
11301	31052
11303	31054
11304	31055
11305	31056
11307	31058
11308	31059
11309	31060
11310	31061
11311	31062
11312	31063
11314	31065
11315	31066
11317	31068
11319	31070
11320	31071
11327	31078
11328	31079
11329	31081
11330	31082
11333	31085
11336	31088
11342	31094
11343	31095
11344	31096
11349	31101
11351	31103
11352	31104
11354	31106
11355	31107
11361	31113
11362	31114
11363	31115
11368	31120
11369	31121
11372	31124
11373	31125
11374	31126
11377	31129
11378	31130
11379	31131
11389	31142
11391	31144
11392	31145
11395	31148
11396	31149
11399	31152
11403	31156
11405	31158
11407	31160
11409	31162
11410	31163
11412	31165
11413	31166
11414	31167
11416	31169
11417	31170
11418	31171
11421	31174
11422	31175
11423	31176
11424	31177
11428	31181
11429	31182
11430	31183
11433	31186
11435	31188
11438	31191
11442	31195
11443	31196
11445	31198
11447	31200
11449	31202
11450	31203
11451	31204
11453	31206
11455	31208
11456	31209
11457	31210
11458	31211
11459	31212
11460	31213
11464	31217
11465	31218
11467	31220
11468	31221
11469	31223
11471	31225
11473	31227
11475	31229
11476	31230
11478	31232
11481	31236
11484	31239
11485	31240
11486	31241
11490	31245
11491	31246
11493	31248
11494	31249
11495	31250
11496	31251
11498	31253
11501	31256
11505	31260
11506	31261
11513	31268
11515	31270
11516	31271
11517	31272
11519	31274
11521	31276
11522	31277
11523	31278
11524	31279
11526	31281
11527	31282
11528	31283
11533	31288
11534	31289
11535	31290
11536	31291
11539	31294
11542	31297
11545	31300
11546	31301
11547	31302
11549	31304
11555	31310
11558	31313
11559	31314
11563	31318
11564	31319
11565	31320
11566	31321
11568	31323
11569	31324
11571	31326
11572	31327
11573	31328
11574	31329
11575	31330
11577	31332
11584	31339
11587	31342
11588	31343
11589	31344
11590	31345
11592	31347
11593	31348
11594	31349
11597	31352
11600	31355
11601	31356
11602	31357
11603	31358
11605	31360
11607	31362
11608	31363
11609	31364
11610	31365
11612	31367
11614	31369
11616	31371
11618	31373
11621	31376
11622	31377
11625	31380
11626	31381
11627	31382
11631	31387
11632	31388
11634	31390
11635	31391
11637	31393
11638	31394
11639	31395
11640	31396
11644	31400
11645	31401
11646	31402
11647	31403
11650	31406
11652	31408
11653	31409
11657	31413
11658	31414
11659	31415
11661	31417
11664	31420
11669	31425
11671	31427
11672	31428
11673	31429
11674	31430
11676	31432
11677	31433
11678	31434
11680	31436
11683	31439
11685	31441
11686	31442
11687	31443
11689	31445
11690	31446
11694	31451
11697	31454
11698	31455
11699	31456
11700	31457
11701	31458
11702	31459
11703	31460
11704	31461
11705	31462
11707	31464
11708	31465
11709	31466
11712	31469
11713	31470
11714	31471
11715	31472
11716	31473
11717	31474
11718	31475
11720	31477
11721	31478
11722	31479
11724	31481
11725	31482
11727	31484
11728	31485
11731	31488
11733	31490
11734	31491
11735	31492
11738	31495
11739	31496
11741	31498
11742	31499
11745	31502
11746	31503
11747	31504
11749	31506
11750	31507
11751	31508
11762	31519
11775	31533
11777	31535
11778	31536
11779	31537
11783	31542
11804	31563
11806	31565
11808	31567
11810	31569
11811	31570
11820	31579
11825	31584
11830	31589
11831	31590
11838	31597
11840	31599
11841	31600
11845	31605
11855	31615
11866	31626
11868	31628
11873	31633
11874	31634
11878	31638
11879	31639
11882	31642
11883	31643
11885	31645
11887	31647
11888	31648
11889	31649
11892	31652
11900	31661
11903	31664
11904	31665
11906	31667
11912	31674
11913	31675
11918	31681
11930	31692
11931	31693
11936	31698
11937	31699
11939	31701
11941	31703
11943	31705
11946	31708
11952	31714
11954	31716
11955	31717
11957	31719
11958	31720
11959	31721
11962	31724
11963	31725
11965	31727
11969	31731
11973	31735
11975	31737
11976	31738
11978	31740
11980	31742
11983	31745
11986	31748
11988	31750
11989	31751
11991	31753
11993	31755
11995	31757
11996	31758
11997	31759
12005	31767
12011	31773
12012	31774
12015	31777
12018	31781
12024	31787
12029	31792
12037	31800
12038	31801
12039	31802
12042	31805
12043	31806
12046	31809
12053	31816
12054	31817
12056	31819
12057	31820
12058	31821
12060	31823
12061	31824
12064	31827
12070	31833
12076	31839
12077	31840
12078	31841
12079	31842
12082	31845
12084	31848
12088	31852
12089	31853
12090	31854
12093	31857
12094	31858
12095	31859
12097	31861
12098	31862
12105	31869
12126	31890
12132	31897
12133	31898
12138	31903
12143	31909
12145	31911
12150	31916
12155	31921
12165	31932
12168	31935
12171	31938
12172	31939
12175	31942
12180	31947
12182	31949
12183	31950
12184	31951
12186	31953
12192	31959
12193	31960
12194	31961
12196	31963
12197	31965
12200	31968
12201	31969
12205	31973
12206	31974
12207	31975
12208	31976
12209	31977
12211	31980
12212	31981
12214	31983
12215	31984
12216	31985
12219	31988
12222	31992
12223	31993
12232	32001
12233	32002
12237	32007
12239	32009
12240	32010
12242	32012
12243	32013
12245	32015
12249	32019
12250	32020
12259	32030
12260	32031
12263	32034
12266	32037
12267	32038
12270	32041
12272	32043
12273	32044
12274	32045
12277	32048
12278	32049
12279	32050
12280	32051
12282	32053
12285	32056
12286	32057
12288	32059
12292	32063
12296	32067
12299	32071
12300	32072
12304	32076
12306	32078
12307	32079
12308	32080
12309	32081
12310	32082
12312	32084
12315	32087
12316	32088
12317	32089
12323	32095
12324	32096
12327	32099
12331	32103
12332	32104
12334	32106
12336	32108
12337	32109
12339	32112
12341	32114
12343	32116
12344	32117
12349	32122
12350	32123
12351	32124
12352	32125
12354	32127
12355	32128
12356	32129
12357	32130
12358	32131
12359	32132
12361	32134
12371	32144
12373	32146
12377	32150
12379	32152
12380	32153
12382	32155
12385	32158
12387	32160
12390	32164
12394	32168
12396	32170
12397	32171
12399	32173
12400	32175
12406	32181
12407	32182
12408	32183
12409	32184
12412	32187
12414	32189
12417	32192
12419	32194
12422	32197
12423	32198
12425	32200
12427	32203
12429	32205
12430	32206
12433	32209
12434	32210
12436	32212
12437	32213
12438	32214
12440	32216
12442	32218
12443	32219
12444	32220
12445	32221
12448	32224
12452	32229
12455	32232
12456	32233
12457	32234
12458	32235
12460	32238
12467	32245
12470	32248
12472	32250
12475	32253
12477	32255
12480	32258
12481	32259
12484	32262
12487	32265
12489	32268
12490	32269
12494	32274
12495	32275
12496	32276
12497	32277
12499	32279
12503	32283
12505	32285
12509	32289
12510	32290
12511	32291
12512	32292
12513	32293
12514	32294
12515	32295
12520	32300
12521	32301
12522	32302
12523	32303
12524	32304
12525	32305
12530	32310
12531	32311
12533	32313
12534	32314
12540	32320
12541	32321
12544	32324
12545	32325
12546	32326
12547	32327
12549	32329
12550	32330
12554	32334
12556	32337
12557	32338
12558	32339
12560	32343
12562	32345
12564	32347
12567	32350
12570	32353
12572	32355
12573	32356
12575	32358
12586	32369
12592	32375
12593	32376
12594	32377
12597	32380
12599	32382
12602	32386
12604	32388
12606	32390
12607	32391
12608	32393
12609	32394
12610	32395
12612	32397
12613	32398
12614	32399
12615	32400
12616	32401
12621	32406
12623	32408
12624	32409
12625	32410
12629	32414
12630	32415
12632	32417
12634	32419
12635	32420
12636	32421
12638	32423
12640	32425
12643	32428
12644	32429
12646	32431
12648	32433
12650	32435
12651	32436
12652	32437
12653	32438
12654	32439
12655	32440
12656	32441
12657	32442
12660	32445
12662	32447
12663	32448
12665	32450
12670	32455
12671	32456
12678	32463
12681	32466
12684	32469
12685	32470
12686	32471
12690	32475
12692	32477
12696	32481
12698	32483
12703	32488
12706	32491
12710	32495
12711	32496
12714	32499
12715	32500
12717	32502
12719	32504
12720	32505
12722	32507
12725	32510
12726	32511
12728	32513
12729	32514
12730	32515
12733	32518
12737	32522
12738	32523
12739	32524
12740	32525
12741	32526
12742	32527
12743	32528
12744	32529
12745	32530
12746	32531
12748	32533
12749	32534
12750	32535
12751	32536
12753	32538
12754	32539
12755	32540
12757	32542
12758	32543
12759	32544
12761	32546
12762	32547
12766	32551
12767	32552
12768	32553
12770	32555
12771	32556
12775	32560
12776	32561
12778	32563
12779	32564
12780	32565
12782	32567
12783	32568
12784	32569
12785	32570
12786	32571
12787	32572
12790	32575
12791	32576
12793	32578
12797	32583
12799	32585
12802	32588
12804	32590
12805	32591
12806	32592
12807	32593
12808	32594
12812	32598
12813	32599
12815	32601
12818	32604
12821	32607
12822	32608
12823	32609
12824	32610
12825	32611
12828	32615
12829	32616
12830	32617
12831	32618
12835	32622
12836	32623
12839	32626
12842	32629
12843	32630
12845	32632
12848	32635
12850	32637
12851	32638
12853	32640
12854	32641
12857	32644
12858	32645
12859	32646
12862	32649
12863	32650
12866	32653
12868	32655
12872	32659
12873	32660
12876	32663
12877	32664
12878	32665
12882	32669
12885	32672
12886	32673
12887	32674
12888	32675
12889	32676
12891	32678
12896	32683
12897	32684
12898	32685
12900	32687
12901	32688
12902	32689
12905	32692
12907	32694
12908	32695
12912	32699
12913	32700
12914	32701
12915	32702
12916	32703
12917	32704
12919	32706
12920	32707
12924	32711
12927	32714
12928	32715
12929	32716
12930	32717
12932	32719
12934	32721
12935	32722
12940	32727
12945	32732
12946	32733
12947	32734
12948	32735
12949	32736
12950	32737
12951	32738
12958	32745
12960	32747
12962	32749
12963	32750
12964	32751
12965	32752
12968	32755
12970	32757
12971	32758
12972	32759
12973	32760
12974	32761
12981	32768
12983	32770
12985	32772
12987	32775
12989	32777
12993	32781
12994	32782
12997	32785
13000	32788
13001	32789
13009	32798
13012	32801
13016	32805
13021	32811
13023	32813
13024	32814
13030	32820
13031	32821
13034	32824
13037	32827
13038	32828
13039	32829
13042	32833
13044	32835
13045	32836
13050	32841
13052	32843
13055	32846
13056	32847
13059	32850
13060	32852
13063	32855
13064	32856
13071	32863
13077	32870
13080	32874
13082	32876
13083	32877
13084	32878
13085	32879
13090	32884
13093	32887
13094	32888
13095	32889
13096	32890
13097	32891
13101	32895
13105	32899
13107	32901
13111	32906
13112	32907
13122	32917
13124	32919
13125	32920
13126	32921
13127	32922
13128	32923
13130	32925
13131	32926
13132	32927
13133	32928
13139	32934
13140	32935
13143	32938
13144	32939
13145	32940
13147	32942
13149	32944
13153	32948
13159	32954
13161	32956
13163	32958
13165	32960
13167	32962
13169	32964
13170	32965
13171	32966
13173	32968
13175	32970
13178	32973
13182	32977
13185	32980
13187	32982
13188	32983
13189	32984
13192	32987
13195	32990
13196	32991
13197	32992
13199	32994
13200	32995
13201	32996
13210	33005
13215	33011
13219	33015
13220	33016
13222	33018
13225	33021
13226	33022
13227	33023
13229	33025
13230	33026
13232	33028
13239	33035
13240	33036
13243	33039
13245	33041
13246	33042
13248	33044
13250	33046
13251	33047
13252	33048
13256	33052
13257	33053
13258	33054
13260	33056
13261	33057
13262	33058
13264	33060
13266	33062
13267	33063
13268	33064
13269	33065
13271	33067
13273	33069
13274	33070
13275	33071
13278	33074
13280	33076
13286	33082
13287	33083
13288	33084
13290	33086
13291	33087
13292	33088
13294	33090
13295	33091
13296	33092
13297	33093
13298	33094
13302	33098
13304	33100
13305	33101
13306	33102
13310	33106
13311	33107
13312	33108
13314	33110
13317	33113
13318	33114
13319	33115
13320	33116
13321	33117
13324	33120
13325	33121
13326	33122
13327	33123
13329	33125
13333	33129
13334	33130
13335	33131
13338	33134
13339	33135
13340	33136
13342	33138
13343	33139
13347	33143
13348	33144
13350	33146
13351	33147
13353	33149
13356	33152
13358	33154
13359	33155
13361	33157
13362	33158
13363	33159
13369	33165
13371	33167
13375	33171
13378	33174
13381	33177
13383	33179
13388	33184
13390	33186
13393	33190
13395	33192
13399	33196
13400	33197
13402	33199
13403	33200
13404	33201
13405	33202
13406	33203
13409	33206
13411	33208
13412	33209
13413	33210
13414	33211
13415	33212
13416	33214
13420	33218
13424	33224
13425	33225
13426	33226
13428	33228
13430	33230
13431	33231
13432	33232
13434	33234
13436	33237
13437	33238
13438	33239
13439	33240
13440	33241
13445	33246
13447	33248
13454	33255
13456	33257
13459	33260
13460	33261
13462	33263
13463	33264
13464	33265
13468	33269
13472	33273
13474	33275
13481	33282
13482	33283
13485	33286
13487	33288
13488	33289
13491	33292
13495	33296
13499	33300
13500	33301
13502	33303
13503	33304
13507	33308
13508	33309
13509	33310
13512	33314
13515	33317
13516	33318
13517	33319
13518	33320
13519	33321
13529	33333
13531	33335
13534	33338
13535	33339
13539	33344
13540	33345
13541	33346
13542	33347
13544	33349
13546	33351
13548	33353
13550	33355
13551	33356
13553	33358
13556	33361
13557	33362
13558	33363
13559	33364
13560	33365
13562	33367
13563	33368
13564	33369
13566	33371
13568	33373
13569	33374
13574	33379
13575	33380
13577	33382
13578	33383
13580	33385
13581	33386
13583	33388
13584	33389
13586	33391
13589	33394
13590	33395
13591	33396
13593	33398
13597	33402
13598	33403
13600	33405
13601	33406
13602	33407
13603	33408
13604	33409
13605	33410
13608	33413
13609	33414
13611	33416
13616	33421
13618	33423
13621	33426
13622	33427
13623	33428
13625	33430
13628	33433
13630	33435
13635	33440
13639	33444
13641	33447
13644	33450
13647	33453
13648	33454
13650	33456
13653	33460
13658	33465
13661	33468
13662	33469
13663	33470
13665	33472
13672	33479
13676	33483
13679	33486
13680	33487
13681	33488
13688	33495
13690	33497
13695	33503
13697	33505
13698	33506
13700	33508
13703	33511
13706	33514
13708	33516
13710	33518
13711	33519
13715	33523
13716	33524
13717	33525
13720	33528
13721	33530
13729	33538
13730	33539
13734	33543
13735	33544
13737	33546
13738	33547
13739	33548
13741	33550
13742	33551
13747	33556
13749	33558
13751	33560
13754	33563
13755	33564
13757	33566
13760	33569
13765	33574
13767	33576
13769	33578
13771	33580
13773	33582
13774	33583
13775	33584
13776	33585
13777	33586
13780	33589
13782	33592
13783	33593
13784	33594
13785	33595
13791	33601
13792	33602
13793	33603
13795	33605
13796	33606
13797	33607
13798	33608
13799	33609
13800	33610
13801	33611
13802	33612
13803	33613
13804	33614
13805	33615
13806	33616
13807	33617
13808	33618
13809	33619
13812	33622
13815	33625
13816	33626
13820	33630
13821	33631
13822	33632
13825	33635
13826	33636
13828	33638
13829	33639
13831	33641
13832	33642
13834	33644
13835	33645
13837	33647
13838	33648
13840	33650
13841	33651
13842	33652
13843	33653
13844	33654
13845	33655
13847	33657
13848	33658
13850	33660
13853	33663
13854	33664
13855	33665
13857	33667
13858	33668
13860	33670
13861	33671
13862	33672
13863	33673
13864	33674
13865	33675
13866	33676
13867	33677
13868	33678
13872	33682
13873	33683
13875	33685
13876	33686
13878	33688
13879	33689
13880	33690
13881	33691
13885	33695
13888	33698
13889	33699
13893	33703
13894	33704
13896	33706
13897	33707
13898	33708
13899	33709
13902	33712
13905	33715
13906	33716
13908	33718
13910	33720
13912	33722
13913	33723
13914	33724
13915	33725
13916	33726
13923	33733
13924	33734
13925	33735
13928	33738
13933	33743
13935	33745
13936	33746
13937	33747
13938	33748
13939	33749
13940	33750
13945	33755
13946	33756
13950	33760
13951	33761
13952	33762
13953	33763
13955	33766
13958	33769
13960	33771
13963	33774
13964	33775
13965	33776
13968	33779
13970	33781
13980	33791
13981	33792
13983	33794
13986	33797
13988	33799
13989	33800
13992	33803
13995	33807
13996	33808
13997	33809
14000	33812
14001	33813
14003	33815
14005	33817
14006	33818
14007	33819
14009	33821
14010	33822
14011	33824
14012	33825
14013	33826
14019	33832
14020	33833
14021	33834
14022	33835
14023	33836
14024	33837
14025	33838
14027	33840
14029	33842
14031	33844
14032	33845
14033	33846
14034	33847
14035	33849
14037	33851
14038	33852
14040	33854
14041	33855
14042	33856
14043	33857
14045	33859
14046	33860
14049	33863
14050	33864
14052	33866
14053	33867
14055	33869
14057	33871
14058	33872
14059	33873
14061	33875
14063	33877
14064	33878
14067	33881
14068	33882
14070	33884
14071	33885
14072	33886
14074	33888
14075	33889
14076	33890
14077	33891
14078	33892
14079	33893
14081	33895
14082	33896
14083	33897
14084	33898
14086	33900
14087	33901
14088	33902
14089	33903
14091	33905
14093	33909
14094	33910
14096	33913
14097	33914
14098	33915
14099	33916
14100	33917
14101	33918
14102	33919
14103	33920
14104	33921
14105	33922
14106	33923
14107	33924
14108	33925
14109	33926
14110	33927
14111	33928
14113	33931
14114	33932
14115	33933
14118	33936
14120	33938
14122	33940
14123	33941
14125	33943
14127	33945
14128	33946
14129	33947
14131	33949
14133	33951
14134	33952
14136	33954
14138	33956
14139	33957
14140	33958
14143	33961
14145	33963
14148	33966
14149	33967
14150	33968
14151	33969
14152	33970
14153	33971
14155	33974
14157	33976
14159	33978
14160	33979
14162	33981
14163	33982
14165	33984
14167	33986
14168	33987
14169	33988
14170	33989
14171	33990
14172	33991
14173	33992
14174	33993
14178	33997
14179	33998
14180	33999
14185	34005
14186	34006
14188	34008
14193	34013
14196	34016
14197	34017
14200	34020
14202	34022
14203	34023
14205	34025
14206	34026
14209	34029
14211	34031
14213	34033
14214	34034
14215	34035
14216	34036
14217	34037
14218	34038
14219	34039
14222	34042
14224	34044
14225	34045
14226	34046
14229	34049
14230	34050
14231	34051
14232	34052
14233	34053
14234	34054
14235	34055
14236	34056
14238	34058
14239	34059
14240	34060
14241	34061
14242	34062
14245	34065
14249	34069
14250	34070
14252	34072
14253	34073
14257	34077
14258	34078
14260	34080
14261	34081
14262	34082
14267	34087
14268	34088
14269	34089
14270	34090
14271	34091
14272	34092
14275	34096
14276	34097
14278	34099
14279	34100
14280	34101
14281	34102
14283	34104
14285	34106
14286	34107
14288	34109
14289	34110
14291	34112
14292	34113
14293	34114
14296	34117
14297	34118
14298	34119
14300	34121
14301	34122
14302	34123
14303	34124
14307	34128
14309	34130
14311	34132
14312	34133
14313	34134
14315	34136
14317	34138
14318	34139
14320	34141
14322	34143
14324	34145
14325	34146
14327	34149
14329	34151
14331	34153
14332	34154
14334	34156
14336	34158
14337	34159
14338	34160
14339	34161
14340	34162
14341	34163
14344	34166
14345	34167
14349	34171
14351	34173
14353	34175
14354	34176
14355	34177
14356	34178
14357	34179
14360	34182
14361	34183
14362	34184
14364	34186
14365	34187
14366	34188
14368	34190
14369	34191
14370	34192
14372	34194
14373	34195
14374	34196
14375	34197
14376	34198
14377	34199
14378	34200
14379	34201
14380	34202
14381	34203
14382	34204
14383	34205
14384	34206
14385	34207
14386	34208
14388	34210
14389	34211
14391	34213
14392	34214
14393	34215
14394	34216
14397	34219
14400	34222
14403	34225
14404	34226
14405	34227
14406	34228
14407	34229
14409	34230
14411	34232
14413	34235
14414	34236
14416	34238
14418	34240
14422	34244
14423	34245
14424	34246
14427	34249
14430	34252
14431	34253
14432	34254
14434	34256
14435	34257
14436	34258
14437	34259
14440	34262
14441	34263
14444	34266
14445	34267
14446	34268
14447	34269
14449	34271
14451	34273
14453	34275
14454	34276
14455	34277
14456	34278
14457	34279
14458	34280
14459	34281
14461	34283
14463	34285
14465	34287
14466	34288
14470	34292
14471	34293
14472	34294
14473	34295
14474	34296
14475	34297
14476	34298
14477	34299
14478	34300
14481	34303
14482	34304
14483	34305
14484	34306
14485	34307
14486	34308
14488	34310
14492	34314
14494	34316
14495	34317
14496	34318
14498	34320
14499	34321
14500	34322
14501	34323
14503	34325
14505	34327
14506	34328
14507	34329
14508	34330
14510	34332
14512	34334
14513	34335
14514	34336
14516	34338
14517	34339
14518	34340
14519	34341
14520	34342
14521	34343
14522	34344
14523	34345
14524	34346
14528	34350
14530	34352
14531	34353
14532	34354
14533	34355
14534	34356
14535	34357
14536	34358
14539	34361
14540	34362
14542	34364
14544	34366
14546	34368
14547	34369
14548	34370
14550	34372
14551	34373
14552	34374
14554	34376
14555	34377
14556	34378
14557	34379
14558	34380
14559	34381
14560	34382
14562	34384
14564	34386
14565	34387
14567	34389
14569	34391
14570	34392
14571	34393
14572	34394
14573	34395
14574	34396
14575	34397
14577	34399
14578	34400
14580	34402
14583	34405
14584	34406
14586	34408
14587	34409
14590	34412
14591	34413
14595	34417
14596	34418
14597	34419
14599	34421
14600	34422
14601	34423
14602	34424
14603	34425
14605	34427
14607	34429
14609	34431
14610	34432
14611	34433
14612	34434
14613	34435
14614	34436
14615	34437
14617	34439
14618	34440
14621	34443
14622	34444
14623	34445
14624	34446
14625	34447
14631	34453
14632	34454
14635	34457
14636	34458
14637	34459
14642	34464
14643	34465
14644	34466
14646	34468
14647	34469
14648	34470
14649	34471
14653	34475
14654	34476
14655	34477
14656	34478
14657	34479
14659	34481
14661	34483
14662	34484
14663	34485
14666	34488
14667	34489
14669	34491
14670	34492
14672	34494
14673	34495
14674	34496
14675	34497
14676	34498
14677	34499
14678	34500
14679	34501
14680	34502
14682	34504
14684	34506
14685	34507
14687	34509
14689	34511
14691	34513
14692	34514
14694	34516
14695	34517
14696	34518
14698	34520
14699	34521
14700	34522
14701	34523
14702	34524
14705	34527
14706	34528
14709	34531
14712	34534
14716	34538
14717	34539
14720	34542
14721	34543
14722	34544
14724	34546
14725	34547
14727	34549
14729	34551
14730	34552
14731	34553
14732	34554
14735	34557
14737	34559
14738	34560
14739	34561
14740	34562
14741	34563
14743	34565
14745	34567
14748	34570
14750	34572
14752	34574
14753	34575
14754	34576
14755	34577
14757	34579
14760	34583
14762	34585
14768	34591
14769	34592
14770	34593
14771	34594
14774	34597
14777	34600
14778	34601
14782	34605
14783	34606
14784	34607
14787	34610
14788	34611
14791	34614
14794	34617
14796	34619
14797	34620
14798	34621
14799	34622
14801	34624
14803	34626
14804	34627
14805	34628
14809	34634
14810	34635
14813	34638
14815	34640
14818	34643
14819	34644
14820	34645
14829	34654
14833	34658
14835	34660
14836	34661
14842	34667
14843	34668
14844	34669
14847	34672
14851	34677
14854	34680
14857	34683
14860	34686
14864	34690
14865	34691
14869	34695
14875	34701
14876	34702
14881	34707
14883	34709
14886	34712
14889	34715
14891	34717
14892	34718
14895	34721
14898	34724
14900	34726
14902	34728
14903	34729
14904	34730
14906	34732
14907	34733
14909	34735
14913	34739
14934	34762
14935	34763
14936	34764
14938	34766
14939	34768
14942	34771
14944	34773
14947	34776
14948	34777
14950	34779
14951	34780
14953	34782
14957	34786
14958	34787
14959	34788
14960	34789
14962	34791
14973	34803
14975	34805
14978	34808
14980	34810
14981	34811
14983	34813
14986	34816
14988	34818
14989	34819
14993	34823
14994	34824
14996	34826
14998	34828
15000	34830
15001	34831
15002	34832
15003	34833
15004	34834
15016	34846
15017	34847
15019	34849
15028	34858
15030	34860
15031	34861
15036	34866
15037	34867
15041	34871
15045	34875
15048	34878
15049	34879
15050	34880
15052	34882
15060	34891
15061	34892
15067	34898
15068	34899
15069	34900
15071	34902
15073	34904
15074	34905
15080	34911
15081	34912
15082	34913
15086	34917
15089	34920
15090	34921
15091	34922
15092	34923
15093	34924
15097	34928
15101	34932
15104	34935
15105	34936
15106	34937
15109	34940
15111	34942
15113	34944
15115	34946
15116	34947
15117	34948
15118	34949
15119	34950
15121	34952
15123	34954
15124	34955
15125	34956
15127	34958
15128	34959
15129	34960
15131	34963
15132	34964
15135	34967
15136	34968
15138	34970
15139	34971
15140	34972
15141	34973
15142	34974
15143	34975
15144	34976
15150	34982
15152	34984
15154	34986
15155	34987
15156	34988
15165	34997
15168	35001
15170	35003
15171	35004
15174	35007
15175	35008
15177	35010
15178	35011
15186	35019
15187	35020
15193	35026
15196	35030
15200	35035
15201	35036
15205	35041
15209	35045
15210	35046
15211	35047
15213	35049
15215	35051
15216	35052
15218	35054
15219	35055
15220	35057
15222	35059
15223	35060
15226	35063
15230	35067
15234	35071
15235	35072
15236	35073
15239	35076
15240	35077
15241	35078
15243	35080
15244	35081
15249	35086
15250	35087
15252	35090
15259	35097
15262	35100
15264	35102
15266	35104
15268	35106
15270	35108
15271	35109
15274	35112
15276	35114
15277	35115
15278	35116
15279	35118
15280	35119
15282	35121
15283	35122
15284	35123
15286	35125
15290	35129
15292	35132
15293	35134
15295	35136
15297	35138
15298	35139
15299	35140
15302	35143
15303	35144
15309	35150
15313	35154
15317	35158
15319	35160
15320	35163
15321	35164
15327	35170
15328	35171
15331	35175
15338	35182
15341	35185
15343	35187
15351	35196
15355	35200
15359	35204
15364	35209
15366	35211
15368	35213
15369	35214
15370	35216
15371	35217
15378	35224
15379	35225
15381	35227
15383	35229
15384	35231
15385	35232
15386	35233
15393	35240
15394	35241
15395	35242
15396	35243
15398	35245
15400	35247
15401	35248
15403	35251
15412	35260
15414	35262
15415	35263
15420	35268
15421	35269
15424	35272
15429	35278
15432	35281
15433	35282
15434	35283
15435	35284
15440	35289
15443	35292
15444	35293
15447	35296
15450	35299
15452	35301
15453	35302
15454	35303
15456	35305
15459	35309
15460	35310
15461	35311
15462	35312
15465	35315
15467	35317
15470	35320
15472	35322
15476	35326
15477	35327
15478	35328
15484	35334
15485	35335
15487	35337
15488	35338
15489	35341
15492	35344
15493	35345
15495	35347
15496	35348
15498	35350
15501	35353
15502	35354
15503	35355
15504	35356
15505	35357
15506	35358
15509	35362
15514	35367
15520	35373
15521	35374
15524	35377
15525	35378
15526	35379
15528	35381
15530	35383
15532	35386
15535	35389
15536	35390
15540	35394
15542	35396
15544	35398
15545	35399
15548	35402
15549	35403
15551	35405
15552	35406
15555	35411
15556	35412
15558	35414
15559	35415
15560	35416
15563	35419
15565	35421
15566	35422
15567	35423
15568	35424
15569	35425
15570	35426
15572	35428
15573	35430
15578	35435
15580	35437
15584	35441
15585	35442
15586	35443
15587	35444
15588	35445
15589	35446
15590	35447
15591	35448
15593	35450
15594	35451
15595	35452
15596	35453
15597	35454
15598	35455
15599	35456
15602	35459
15604	35462
15605	35463
15606	35464
15607	35465
15610	35468
15617	35475
15619	35477
15621	35479
15622	35480
15623	35481
15624	35482
15625	35483
15627	35485
15628	35486
15629	35487
15631	35489
15632	35490
15633	35491
15635	35493
15637	35495
15639	35497
15640	35498
15642	35500
15645	35503
15646	35504
15647	35505
15648	35506
15649	35507
15651	35509
15652	35510
15658	35516
15659	35517
15660	35518
15662	35520
15664	35522
15665	35523
15666	35524
15667	35525
15668	35526
15670	35528
15673	35531
15674	35532
15676	35534
15677	35535
15679	35537
15681	35539
15683	35542
15687	35546
15688	35547
15690	35549
15691	35550
15692	35551
15694	35553
15695	35554
15696	35555
15700	35559
15703	35562
15704	35563
15706	35565
15707	35566
15708	35567
15710	35569
15712	35571
15716	35575
15720	35579
15724	35583
15730	35588
15731	35589
15732	35590
15733	35591
15734	35592
15741	35600
15743	35602
15745	35604
15751	35610
15752	35611
15754	35613
15763	35622
15764	35623
15765	35624
15768	35627
15769	35628
15770	35629
15771	35630
15772	35631
15779	35638
15781	35640
15783	35642
15786	35645
15787	35646
15793	35652
15795	35654
15796	35656
15797	35657
15798	35658
15799	35659
15801	35661
15803	35663
15804	35664
15811	35671
15814	35674
15816	35676
15817	35677
15818	35678
15819	35679
15823	35683
15828	35688
15829	35689
15830	35690
15831	35691
15833	35693
15835	35695
15836	35696
15837	35697
15839	35699
15840	35700
15841	35701
15842	35702
15844	35704
15845	35705
15846	35706
15848	35708
15850	35710
15851	35711
15852	35712
15855	35715
15858	35718
15859	35719
15863	35723
15866	35727
15867	35728
15870	35731
15871	35732
15872	35733
15873	35734
15875	35736
15878	35739
15879	35740
15881	35742
15883	35744
15884	35745
15886	35747
15887	35748
15888	35749
15889	35750
15890	35751
15893	35754
15895	35756
15896	35757
15898	35759
15899	35760
15900	35761
15901	35762
15902	35763
15903	35764
15906	35767
15907	35768
15910	35771
15912	35773
15913	35774
15914	35775
15918	35779
15919	35780
15921	35782
15926	35787
15927	35788
15935	35796
15937	35798
15938	35799
15939	35800
15941	35802
15942	35803
15943	35804
15944	35805
15945	35806
15947	35808
15950	35811
15952	35813
15953	35814
15959	35820
15961	35822
15965	35826
15966	35827
15970	35831
15972	35833
15973	35834
15977	35838
15978	35839
15979	35840
15982	35843
15983	35844
15984	35845
15985	35846
15986	35847
15987	35848
15988	35849
15991	35852
15993	35854
15995	35856
15999	35860
16002	35863
16004	35865
16005	35866
16008	35869
16009	35870
16010	35871
16013	35874
16015	35876
16017	35878
16020	35881
16022	35883
16023	35884
16024	35885
16025	35886
16028	35889
16031	35892
16032	35893
16033	35894
16035	35896
16041	35902
16042	35903
16043	35904
16046	35907
16049	35910
16050	35911
16051	35912
16053	35914
16054	35915
16056	35917
16058	35919
16059	35920
16064	35925
16067	35928
16071	35932
16072	35933
16074	35935
16075	35936
16077	35938
16079	35940
16080	35941
16081	35942
16082	35943
16085	35946
16086	35947
16087	35948
16092	35953
16094	35955
16096	35957
16097	35958
16099	35960
16101	35962
16102	35963
16103	35964
16104	35965
16105	35966
16107	35968
16108	35969
16109	35970
16111	35972
16116	35977
16118	35979
16120	35981
16122	35983
16123	35984
16125	35986
16129	35990
16131	35992
16132	35993
16133	35994
16138	35999
16140	36001
16142	36003
16143	36004
16145	36006
16148	36009
16149	36010
16150	36011
16151	36012
16152	36013
16153	36014
16155	36016
16158	36019
16159	36020
16160	36021
16161	36022
16162	36023
16163	36024
16164	36025
16166	36027
16167	36028
16168	36029
16169	36030
16171	36032
16172	36033
16173	36034
16174	36035
16175	36036
16177	36038
16178	36039
16179	36040
16180	36041
16181	36042
16184	36045
16186	36047
16188	36049
16190	36051
16195	36056
16198	36060
16202	36064
16203	36065
16204	36066
16205	36067
16206	36068
16209	36071
16210	36072
16214	36076
16216	36078
16219	36082
16221	36084
16224	36087
16225	36088
16227	36090
16229	36092
16231	36094
16232	36095
16234	36097
16235	36098
16236	36099
16237	36100
16238	36101
16239	36103
16240	36104
16242	36106
16243	36107
16245	36109
16246	36110
16249	36113
16251	36115
16254	36118
16257	36121
16260	36124
16261	36125
16263	36127
16268	36132
16270	36134
16271	36135
16272	36136
16273	36137
16274	36138
16276	36140
16277	36141
16278	36142
16279	36143
16280	36144
16281	36145
16282	36146
16283	36147
16286	36150
16288	36152
16289	36153
16291	36155
16292	36156
16295	36159
16296	36160
16297	36161
16298	36162
16300	36164
16302	36166
16303	36167
16305	36169
16306	36170
16308	36172
16310	36174
16313	36177
16314	36178
16315	36179
16317	36181
16319	36183
16323	36187
16324	36188
16325	36189
16326	36190
16327	36191
16328	36192
16329	36193
16330	36194
16331	36195
16332	36196
16333	36197
16334	36198
16335	36199
16336	36200
16337	36201
16338	36202
16340	36204
16341	36205
16343	36207
16346	36210
16347	36211
16348	36212
16350	36214
16351	36215
16352	36216
16355	36219
16359	36223
16361	36225
16362	36226
16363	36227
16365	36229
16368	36232
16369	36233
16370	36234
16371	36235
16372	36236
16373	36237
16374	36238
16375	36239
16376	36240
16377	36241
16378	36242
16380	36244
16381	36245
16383	36247
16384	36248
16385	36249
16386	36250
16388	36252
16392	36256
16393	36257
16394	36258
16397	36262
16400	36265
16402	36267
16403	36268
16405	36270
16406	36271
16407	36272
16408	36273
16409	36274
16410	36275
16411	36276
16415	36280
16416	36281
16417	36282
16419	36284
16425	36290
16426	36291
16427	36292
16429	36295
16434	36300
16436	36302
16439	36305
16440	36306
16441	36307
16443	36309
16444	36310
16445	36311
16448	36314
16452	36318
16456	36322
16458	36324
16459	36325
16461	36327
16465	36331
16466	36332
16477	36344
16483	36350
16485	36352
16487	36354
16491	36358
16492	36359
16495	36362
16496	36364
16499	36367
16500	36368
16502	36370
16506	36374
16507	36375
16509	36377
16514	36382
16515	36383
16520	36388
16521	36389
16522	36390
16524	36392
16525	36393
16527	36395
16530	36398
16532	36400
16536	36404
16543	36412
16544	36413
16545	36414
16546	36415
16550	36420
16551	36421
16553	36423
16554	36424
16556	36426
16558	36428
16559	36429
16560	36430
16562	36432
16563	36433
16564	36435
16571	36442
16574	36445
16575	36446
16577	36448
16578	36449
16580	36451
16581	36452
16585	36456
16586	36457
16587	36458
16588	36459
16589	36460
16592	36463
16598	36469
16600	36471
16601	36472
16604	36475
16605	36476
16606	36477
16609	36480
16610	36481
16612	36483
16614	36485
16617	36488
16618	36489
16619	36490
16620	36491
16623	36494
16635	36506
16637	36508
16638	36509
16640	36511
16641	36512
16643	36514
16646	36517
16654	36525
16658	36529
16661	36532
16662	36533
16663	36534
16665	36536
16668	36539
16670	36541
16671	36542
16674	36545
16681	36552
16682	36553
16684	36556
16685	36557
16686	36558
16689	36562
16693	36566
16694	36567
16700	36573
16701	36574
16706	36579
16707	36580
16709	36582
16710	36583
16711	36584
16712	36585
16716	36589
16718	36591
16719	36592
16724	36597
16725	36598
16726	36599
16727	36600
16734	36607
16736	36609
16741	36615
16742	36616
16746	36620
16749	36623
16754	36628
16755	36629
16760	36634
16761	36635
16762	36636
16766	36640
16767	36641
16768	36642
16770	36644
16774	36648
16776	36650
16777	36651
16778	36652
16783	36657
16784	36658
16787	36663
16790	36666
16793	36669
16794	36670
16796	36672
16808	36684
16809	36685
16812	36688
16813	36689
16814	36691
16817	36694
16818	36695
16820	36698
16822	36700
16824	36702
16825	36703
16829	36707
16831	36709
16832	36710
16839	36717
16840	36718
16841	36719
16844	36722
16845	36723
16848	36726
16849	36727
16850	36728
16853	36731
16856	36734
16857	36735
16860	36739
16862	36741
16865	36744
16866	36745
16868	36747
16869	36748
16871	36750
16873	36753
16874	36754
16875	36755
16879	36759
16887	36767
16889	36769
16891	36771
16893	36773
16895	36775
16896	36776
16898	36778
16899	36779
16901	36781
16903	36783
16905	36785
16906	36786
16908	36788
16911	36791
16913	36793
16915	36795
16917	36797
16918	36798
16923	36803
16927	36807
16928	36808
16931	36811
16932	36812
16933	36813
16935	36815
16943	36825
16947	36829
16948	36830
16950	36832
16952	36834
16957	36839
16959	36841
16960	36842
16962	36844
16964	36846
16966	36848
16967	36849
16968	36850
16971	36853
16972	36854
16973	36855
16974	36856
16976	36858
16977	36859
16978	36860
16981	36863
16982	36864
16984	36866
16990	36872
16991	36873
16992	36874
16997	36879
16998	36880
16999	36881
17000	36882
17001	36883
17002	36884
17003	36885
17004	36886
17005	36887
17006	36888
17007	36889
17010	36892
17011	36893
17013	36895
17014	36896
17015	36897
17019	36901
17021	36903
17026	36908
17027	36909
17028	36910
17029	36911
17037	36921
17038	36922
17039	36923
17040	36924
17043	36927
17044	36928
17046	36930
17047	36931
17049	36933
17050	36934
17051	36935
17054	36938
17056	36940
17058	36942
17059	36943
17060	36944
17061	36945
17062	36946
17063	36947
17065	36949
17066	36950
17069	36953
17070	36954
17071	36955
17073	36958
17074	36959
17076	36961
17077	36962
17079	36965
17081	36967
17084	36970
17087	36973
17088	36974
17089	36975
17090	36976
17097	36983
17098	36984
17099	36985
17101	36987
17109	36994
17110	36995
17111	36996
17112	36997
17113	36998
17115	37000
17117	37002
17118	37003
17120	37005
17121	37006
17127	37013
17129	37015
17132	37018
17133	37019
17134	37020
17135	37021
17136	37022
17138	37024
17140	37026
17145	37031
17148	37034
17150	37036
17152	37038
17154	37040
17155	37041
17157	37043
17158	37044
17159	37045
17162	37049
17167	37054
17169	37056
17170	37057
17171	37058
17172	37059
17180	37067
17181	37068
17183	37070
17184	37071
17185	37072
17187	37074
17188	37075
17190	37077
17192	37080
17193	37081
17195	37083
17196	37084
17202	37091
17203	37092
17206	37096
17207	37097
17208	37098
17210	37100
17211	37101
17214	37104
17216	37106
17217	37107
17220	37110
17222	37112
17223	37113
17224	37115
17225	37116
17226	37117
17227	37118
17228	37119
17230	37121
17231	37122
17232	37123
17233	37124
17235	37126
17236	37127
17237	37128
17238	37129
17239	37130
17240	37131
17242	37133
17247	37138
17248	37139
17255	37146
17258	37149
17260	37151
17262	37153
17265	37156
17266	37157
17276	37167
17277	37168
17283	37174
17284	37175
17288	37179
17289	37180
17290	37181
17297	37188
17301	37192
17302	37193
17303	37194
17304	37195
17308	37199
17313	37204
17319	37210
17321	37212
17322	37213
17324	37215
17326	37217
17333	37224
17335	37226
17338	37230
17341	37233
17342	37234
17344	37236
17345	37237
17346	37238
17348	37240
17349	37241
17352	37244
17357	37249
17359	37251
17364	37256
17365	37257
17366	37258
17368	37260
17376	37268
17380	37272
17382	37274
17383	37275
17392	37284
17399	37291
17400	37292
17403	37295
17406	37298
17407	37299
17411	37303
17413	37305
17414	37306
17417	37309
17420	37312
17422	37314
17423	37315
17424	37316
17425	37317
17427	37319
17428	37320
17431	37323
17433	37325
17435	37327
17437	37329
17442	37334
17443	37335
17444	37336
17445	37337
17446	37338
17447	37339
17450	37342
17455	37347
17458	37350
17461	37353
17462	37354
17464	37356
17466	37358
17467	37359
17469	37361
17470	37362
17472	37364
17474	37366
17475	37367
17476	37368
17486	37378
17487	37379
17497	37389
17498	37390
17501	37393
17502	37394
17504	37396
17505	37397
17506	37398
17508	37400
17509	37401
17514	37406
17517	37409
17520	37412
17521	37413
17522	37414
17524	37416
17526	37418
17528	37420
17529	37421
17530	37422
17531	37423
17532	37424
17534	37427
17538	37431
17544	37437
17546	37439
17547	37440
17548	37441
17549	37442
17553	37446
17556	37449
17557	37450
17558	37451
17559	37452
17560	37453
17561	37454
17562	37455
17566	37459
17567	37460
17570	37463
17571	37464
17573	37466
17574	37467
17577	37470
17579	37472
17580	37473
17582	37475
17584	37477
17585	37478
17587	37480
17588	37481
17589	37482
17593	37487
17594	37488
17596	37490
17597	37491
17598	37492
17600	37494
17601	37495
17602	37496
17603	37497
17609	37503
17613	37507
17615	37509
17616	37510
17618	37512
17620	37514
17621	37515
17622	37516
17624	37518
17625	37519
17627	37521
17628	37522
17629	37523
17630	37524
17632	37526
17633	37527
17635	37529
17638	37532
17639	37533
17641	37535
17642	37536
17645	37539
17647	37541
17648	37542
17649	37543
17650	37544
17651	37545
17653	37547
17654	37548
17656	37550
17657	37551
17660	37554
17661	37555
17667	37561
17669	37563
17670	37564
17677	37571
17678	37572
17679	37573
17681	37575
17683	37577
17686	37580
17687	37581
17688	37582
17689	37583
17691	37585
17692	37586
17693	37587
17695	37589
17696	37590
17697	37591
17701	37595
17703	37597
17704	37598
17705	37599
17707	37601
17708	37602
17709	37603
17710	37604
17711	37605
17714	37608
17717	37611
17718	37612
17723	37617
17724	37618
17725	37619
17726	37620
17727	37621
17728	37622
17729	37623
17734	37628
17735	37629
17737	37631
17739	37633
17740	37634
17742	37636
17743	37637
17744	37638
17745	37639
17747	37641
17748	37642
17749	37643
17750	37644
17752	37646
17756	37651
17760	37655
17762	37657
17763	37658
17764	37659
17767	37662
17769	37664
17770	37665
17772	37667
17776	37671
17778	37673
17779	37674
17780	37675
17781	37676
17783	37678
17784	37679
17786	37681
17787	37682
17788	37683
17790	37685
17791	37686
17792	37687
17793	37688
17796	37691
17798	37693
17804	37699
17806	37701
17807	37702
17808	37703
17809	37704
17810	37705
17812	37707
17813	37708
17814	37709
17816	37711
17818	37713
17819	37714
17820	37715
17821	37716
17824	37719
17825	37720
17826	37721
17827	37722
17830	37725
17831	37726
17832	37727
17834	37729
17835	37730
17837	37732
17839	37734
17840	37735
17842	37737
17844	37739
17845	37740
17846	37742
17847	37743
17849	37745
17852	37748
17853	37749
17854	37750
17855	37751
17864	37760
17865	37761
17866	37762
17867	37763
17870	37766
17871	37767
17872	37768
17875	37771
17876	37772
17878	37775
17880	37777
17881	37778
17884	37781
17887	37784
17888	37785
17890	37787
17892	37789
17897	37794
17900	37797
17901	37798
17902	37800
17903	37801
17907	37806
17909	37808
17910	37809
17911	37810
17913	37812
17915	37814
17917	37817
17919	37819
17920	37820
17921	37821
17923	37824
17925	37826
17926	37827
17929	37830
17930	37831
17931	37832
17932	37833
17933	37834
17936	37837
17939	37840
17941	37842
17946	37848
17949	37851
17950	37852
17951	37853
17956	37858
17957	37859
17958	37860
17960	37862
17961	37863
17963	37865
17964	37866
17965	37867
17966	37868
17967	37869
17969	37871
17971	37873
17972	37874
17974	37876
17977	37879
17980	37882
17981	37883
17982	37884
17983	37885
17984	37886
17985	37887
17988	37890
17992	37894
17993	37895
17994	37896
17995	37897
17996	37898
17998	37900
17999	37901
18001	37903
18003	37905
18005	37907
18006	37908
18008	37910
18009	37911
18011	37913
18012	37914
18013	37915
18015	37917
18018	37920
18020	37922
18021	37923
18022	37924
18024	37926
18025	37927
18027	37929
18028	37930
18029	37931
18031	37933
18033	37935
18035	37937
18036	37938
18037	37939
18042	37944
18043	37945
18044	37946
18046	37948
18047	37949
18048	37950
18049	37951
18050	37952
18051	37953
18052	37954
18053	37955
18054	37956
18055	37957
18056	37958
18065	37967
18068	37970
18071	37973
18072	37974
18074	37976
18075	37977
18076	37978
18077	37979
18079	37981
18082	37984
18084	37986
18086	37988
18087	37989
18090	37992
18091	37993
18094	37996
18096	37998
18097	37999
18099	38001
18100	38002
18101	38003
18103	38005
18104	38006
18105	38007
18106	38008
18107	38009
18108	38010
18109	38011
18112	38014
18114	38016
18115	38017
18119	38021
18121	38023
18123	38025
18124	38026
18125	38027
18127	38029
18128	38030
18129	38031
18130	38032
18131	38033
18132	38034
18134	38036
18136	38038
18137	38039
18138	38040
18139	38041
18140	38042
18141	38043
18142	38044
18143	38045
18144	38046
18145	38047
18146	38048
18147	38049
18149	38051
18150	38052
18151	38053
18152	38054
18153	38055
18154	38056
18155	38057
18156	38058
18157	38059
18161	38063
18162	38064
18168	38070
18170	38072
18172	38074
18173	38075
18174	38076
18178	38080
18179	38081
18180	38082
18182	38084
18183	38085
18184	38086
18187	38089
18188	38090
18190	38092
18193	38095
18194	38096
18196	38098
18197	38099
18198	38100
18199	38101
18200	38102
18202	38104
18203	38105
18206	38108
18207	38109
18208	38110
18209	38111
18212	38114
18214	38116
18217	38119
18219	38121
18220	38122
18221	38123
18223	38125
18225	38127
18227	38129
18228	38130
18229	38131
18230	38132
18232	38134
18234	38136
18237	38139
18239	38141
18240	38142
18241	38143
18242	38144
18243	38145
18244	38146
18246	38148
18247	38149
18249	38151
18251	38153
18252	38154
18255	38157
18257	38159
18258	38160
18259	38161
18260	38162
18262	38164
18265	38167
18266	38168
18269	38171
18270	38172
18271	38173
18272	38174
18275	38177
18278	38180
18279	38181
18280	38182
18281	38183
18283	38185
18284	38186
18285	38187
18286	38188
18287	38189
18289	38191
18290	38192
18291	38193
18295	38197
18296	38198
18299	38201
18301	38203
18302	38204
18304	38206
18305	38207
18306	38208
18307	38209
18309	38211
18311	38213
18312	38214
18313	38215
18317	38221
18318	38222
18321	38226
18324	38229
18326	38231
18327	38232
18328	38233
18329	38234
18330	38235
18331	38236
18334	38239
18335	38240
18338	38243
18341	38246
18342	38247
18345	38250
18346	38251
18347	38252
18348	38253
18349	38254
18350	38255
18351	38256
18352	38257
18353	38258
18354	38259
18355	38260
18357	38262
18358	38263
18359	38264
18360	38265
18361	38266
18364	38269
18367	38272
18368	38273
18370	38275
18371	38276
18372	38277
18374	38279
18376	38281
18377	38282
18381	38286
18382	38287
18383	38288
18384	38289
18385	38290
18386	38291
18388	38293
18389	38294
18390	38295
18391	38296
18393	38298
18396	38301
18397	38302
18398	38303
18399	38304
18400	38305
18401	38306
18403	38308
18404	38309
18406	38311
18407	38312
18408	38313
18409	38314
18410	38315
18412	38317
18413	38318
18414	38319
18415	38320
18417	38322
18418	38323
18421	38326
18425	38330
18427	38332
18429	38334
18430	38335
18431	38336
18434	38339
18435	38340
18436	38341
18437	38342
18438	38343
18439	38344
18440	38345
18441	38346
18442	38347
18443	38348
18446	38351
18448	38353
18451	38356
18452	38357
18453	38358
18454	38359
18457	38362
18461	38366
18462	38367
18463	38368
18464	38369
18466	38371
18467	38372
18468	38373
18469	38374
18471	38376
18474	38379
18477	38382
18479	38384
18481	38386
18484	38389
18488	38393
18492	38397
18493	38398
18497	38402
18499	38404
18501	38406
18502	38407
18505	38410
18507	38412
18509	38414
18510	38415
18511	38417
18512	38418
18513	38419
18516	38422
18517	38423
18519	38425
18525	38431
18526	38432
18527	38433
18528	38434
18530	38436
18531	38437
18533	38439
18534	38440
18536	38442
18537	38443
18541	38447
18542	38448
18543	38449
18544	38450
18546	38452
18547	38453
18548	38454
18552	38458
18557	38463
18558	38464
18560	38466
18563	38469
18565	38471
18569	38475
18572	38478
18573	38479
18575	38481
18576	38482
18577	38483
18579	38485
18580	38486
18581	38487
18582	38488
18586	38492
18588	38494
18590	38496
18593	38499
18594	38500
18595	38501
18596	38502
18597	38503
18598	38504
18601	38507
18603	38509
18604	38510
18605	38511
18606	38512
18607	38513
18610	38516
18611	38517
18612	38518
18613	38519
18614	38520
18615	38521
18620	38526
18623	38529
18625	38531
18627	38533
18629	38535
18630	38536
18632	38538
18638	38544
18640	38546
18642	38548
18643	38549
18644	38550
18645	38551
18648	38554
18650	38556
18651	38557
18652	38558
18653	38559
18654	38560
18655	38561
18656	38562
18657	38563
18658	38564
18660	38566
18661	38567
18662	38568
18664	38570
18665	38571
18666	38572
18667	38573
18668	38574
18670	38576
18672	38578
18675	38581
18677	38583
18678	38584
18680	38586
18681	38587
18682	38588
18685	38591
18686	38592
18688	38594
18691	38597
18694	38600
18697	38603
18698	38604
18699	38605
18700	38606
18702	38608
18704	38610
18707	38613
18708	38614
18709	38615
18711	38617
18712	38618
18714	38620
18715	38621
18717	38623
18719	38625
18720	38626
18722	38628
18724	38630
18725	38631
18727	38633
18729	38635
18733	38639
18736	38642
18737	38643
18738	38644
18739	38645
18740	38646
18741	38647
18742	38649
18743	38650
18744	38651
18745	38652
18746	38653
18747	38654
18748	38655
18749	38656
18752	38659
18753	38660
18754	38661
18756	38663
18757	38664
18759	38666
18760	38667
18762	38669
18764	38671
18765	38672
18766	38673
18767	38674
18769	38676
18770	38677
18771	38678
18772	38679
18773	38680
18776	38683
18777	38684
18778	38685
18779	38686
18781	38688
18783	38690
18785	38692
18788	38695
18789	38696
18791	38698
18792	38699
18793	38700
18796	38703
18797	38704
18799	38706
18800	38707
18802	38709
18805	38712
18806	38713
18807	38714
18808	38715
18809	38716
18812	38719
18816	38723
18817	38724
18820	38727
18821	38728
18823	38730
18824	38731
18825	38732
18826	38733
18828	38735
18829	38736
18831	38738
18832	38739
18834	38741
18835	38742
18836	38743
18838	38745
18840	38747
18841	38748
18842	38749
18844	38751
18846	38753
18847	38754
18851	38758
18852	38759
18853	38760
18855	38762
18857	38764
18860	38767
18861	38768
18862	38769
18863	38770
18864	38771
18867	38774
18869	38776
18870	38777
18871	38778
18872	38779
18875	38782
18876	38783
18877	38784
18880	38787
18881	38788
18882	38789
18883	38790
18884	38791
18885	38792
18886	38793
18887	38794
18889	38796
18890	38797
18891	38798
18892	38799
18893	38801
18894	38802
18895	38803
18896	38804
18897	38805
18898	38806
18902	38810
18905	38813
18906	38814
18907	38815
18908	38816
18909	38818
18910	38819
18913	38822
18916	38825
18921	38830
18922	38831
18923	38832
18925	38834
18926	38835
18928	38837
18929	38838
18930	38839
18931	38840
18933	38842
18934	38843
18935	38844
18936	38845
18939	38848
18942	38851
18943	38852
18944	38853
18945	38854
18946	38855
18948	38857
18951	38860
18953	38862
18954	38863
18955	38864
18958	38867
18959	38868
18960	38869
18962	38871
18964	38873
18965	38874
18966	38875
18967	38876
18971	38880
18972	38881
18973	38882
18976	38885
18977	38886
18978	38887
18981	38890
18983	38892
18986	38895
18990	38899
18994	38903
18995	38904
19000	38909
19001	38910
19002	38912
19006	38916
19007	38917
19009	38919
19010	38920
19011	38921
19012	38922
19014	38924
19018	38928
19019	38929
19020	38930
19021	38931
19022	38932
19023	38933
19024	38934
19025	38935
19026	38936
19028	38938
19030	38940
19031	38941
19034	38944
19035	38945
19037	38947
19041	38951
19042	38952
19045	38955
19046	38956
19048	38958
19049	38959
19051	38961
19052	38962
19053	38963
19054	38964
19059	38969
19061	38971
19063	38973
19064	38974
19065	38975
19066	38976
19067	38977
19073	38983
19076	38986
19077	38987
19078	38988
19079	38989
19082	38992
19083	38993
19086	38996
19087	38997
19089	38999
19091	39001
19095	39005
19096	39006
19097	39007
19098	39008
19103	39013
19104	39014
19105	39015
19107	39017
19108	39018
19110	39020
19111	39021
19130	39040
19138	39048
19140	39050
19141	39051
19147	39057
19148	39058
19150	39061
19158	39069
19159	39070
19163	39074
19164	39075
19165	39076
19174	39086
19176	39088
19183	39095
19187	39099
19188	39100
19190	39102
19191	39103
19195	39107
19196	39108
19199	39111
19204	39116
19206	39118
19207	39119
19210	39122
19211	39123
19215	39127
19217	39129
19219	39131
19223	39136
19224	39137
19226	39142
19227	39143
19228	39144
19229	39145
19230	39146
19232	39149
19235	39152
19241	39159
19244	39163
19245	39165
19251	39171
19253	39173
19256	39176
19259	39179
19260	39180
19261	39181
19262	39182
19264	39184
19265	39185
19268	39189
19269	39190
19270	39191
19273	39194
19275	39196
19279	39200
19282	39203
19283	39205
19288	39210
19289	39211
19290	39212
19291	39213
19295	39219
19298	39222
19299	39223
19302	39227
19305	39230
19306	39231
19311	39236
19317	39242
19325	39250
19326	39251
19327	39252
19331	39256
19332	39257
19333	39258
19336	39261
19341	39266
19342	39267
19345	39270
19348	39273
19350	39275
19352	39277
19354	39279
19356	39281
19358	39283
19359	39284
19361	39286
19362	39287
19367	39293
19369	39295
19370	39296
19373	39300
19375	39302
19376	39303
19379	39306
19380	39307
19381	39308
19382	39309
19384	39311
19386	39313
19389	39316
19391	39318
19392	39319
19395	39322
19397	39324
19398	39325
19399	39326
19402	39329
19406	39333
19407	39334
19410	39338
19411	39339
19417	39345
19419	39347
19424	39352
19426	39354
19428	39356
19429	39357
19431	39359
19438	39366
19439	39367
19440	39368
19441	39369
19444	39372
19445	39373
19449	39377
19451	39379
19452	39380
19455	39383
19456	39384
19457	39385
19459	39387
19461	39390
19462	39391
19464	39393
19466	39395
19469	39398
19470	39399
19471	39400
19474	39403
19475	39404
19477	39406
19478	39407
19479	39408
19483	39412
19485	39414
19486	39415
19487	39416
19488	39417
19489	39418
19490	39419
401	19896
402	19897
405	19900
406	19901
408	19903
410	19905
412	19907
413	19908
414	19909
415	19910
419	19914
420	19915
421	19916
426	19921
428	19923
430	19925
431	19926
433	19928
434	19929
435	19930
437	19932
438	19933
439	19934
442	19937
444	19939
445	19940
447	19942
450	19945
452	19947
453	19948
454	19949
455	19950
456	19951
461	19956
462	19957
463	19958
464	19959
468	19963
470	19965
471	19966
473	19968
474	19969
475	19970
477	19972
478	19973
480	19975
481	19976
482	19977
483	19978
484	19979
487	19982
488	19983
491	19986
493	19988
494	19989
496	19991
497	19992
498	19993
499	19994
502	19997
504	19999
506	20001
507	20002
509	20004
511	20006
512	20007
513	20008
514	20009
515	20010
516	20011
518	20013
521	20016
522	20017
524	20019
526	20021
527	20022
531	20026
532	20027
533	20028
534	20029
535	20030
537	20032
538	20033
541	20036
542	20037
543	20038
544	20039
545	20040
549	20044
550	20045
551	20046
552	20047
553	20048
554	20049
555	20050
558	20053
560	20055
561	20056
563	20058
564	20059
565	20060
569	20064
571	20066
572	20067
573	20068
574	20069
575	20070
576	20071
577	20072
578	20073
580	20075
582	20077
583	20078
584	20079
585	20080
587	20082
589	20084
591	20086
592	20087
593	20088
594	20089
595	20090
596	20091
598	20093
599	20094
600	20095
602	20097
603	20098
606	20101
607	20102
608	20103
609	20104
612	20107
614	20109
616	20111
619	20114
620	20115
624	20119
625	20120
627	20122
629	20124
630	20125
634	20129
636	20131
637	20132
640	20135
642	20137
643	20138
644	20139
645	20140
646	20141
647	20142
648	20143
650	20145
651	20146
653	20148
654	20149
655	20150
656	20151
657	20152
658	20153
659	20154
660	20155
661	20156
663	20158
667	20162
669	20164
670	20165
672	20167
674	20169
675	20170
677	20172
679	20174
680	20175
683	20178
684	20179
685	20180
686	20181
687	20182
689	20184
690	20185
694	20189
698	20193
700	20195
701	20196
702	20197
704	20199
705	20200
706	20201
707	20202
708	20203
709	20204
714	20209
715	20210
716	20211
717	20212
718	20213
722	20217
724	20219
725	20220
726	20221
728	20223
729	20224
730	20225
731	20226
732	20227
736	20231
739	20234
745	20240
746	20241
747	20242
748	20243
751	20246
752	20247
758	20253
759	20254
760	20255
761	20256
763	20258
764	20259
765	20260
769	20264
770	20265
772	20267
775	20269
777	20271
781	20276
782	20277
784	20279
786	20281
788	20283
789	20284
791	20286
793	20288
795	20290
796	20291
797	20292
798	20293
804	20299
806	20301
808	20303
811	20306
812	20307
817	20312
818	20313
819	20314
822	20317
823	20318
824	20319
826	20321
831	20326
834	20329
838	20333
839	20334
840	20335
842	20337
843	20338
844	20339
846	20341
848	20343
849	20344
850	20345
851	20346
852	20347
853	20348
855	20350
858	20353
859	20354
861	20356
866	20361
867	20362
868	20363
870	20365
872	20367
875	20370
876	20371
880	20375
884	20379
885	20380
888	20383
889	20384
895	20390
896	20391
897	20392
903	20398
904	20399
907	20402
910	20405
912	20407
914	20409
916	20411
917	20412
918	20413
922	20417
925	20420
928	20423
931	20426
934	20429
935	20430
936	20431
937	20432
938	20433
940	20435
945	20440
946	20441
949	20444
951	20446
953	20448
957	20452
960	20455
963	20459
964	20460
965	20461
972	20468
974	20470
976	20472
977	20473
979	20475
986	20482
987	20483
989	20485
995	20491
999	20495
1001	20497
1002	20498
1005	20501
1008	20504
1009	20505
1019	20515
1020	20516
1029	20525
1030	20526
1032	20528
1034	20530
1036	20532
1037	20533
1038	20534
1040	20536
1042	20538
1043	20539
1044	20540
1046	20542
1047	20543
1049	20545
1052	20548
1053	20549
1054	20550
1057	20553
1058	20554
1059	20555
1060	20556
1063	20559
1064	20560
1065	20561
1066	20562
1068	20564
1070	20566
1072	20568
1074	20570
1077	20573
1079	20575
1080	20576
1084	20580
1086	20582
1087	20583
1089	20585
1090	20586
1093	20589
1095	20591
1097	20593
1099	20595
1101	20597
1104	20600
1105	20601
1106	20602
1107	20603
1108	20604
1109	20605
1110	20606
1111	20607
1113	20609
1114	20610
1115	20611
1116	20612
1118	20614
1119	20615
1125	20621
1128	20624
1129	20625
1130	20626
1132	20628
1134	20630
1136	20632
1140	20636
1141	20637
1142	20638
1145	20641
1146	20642
1147	20643
1148	20644
1149	20645
1150	20646
1152	20648
1154	20650
1155	20651
1160	20656
1162	20658
1167	20663
1168	20664
1169	20665
1170	20666
1174	20670
1177	20673
1178	20674
1181	20677
1183	20679
1186	20682
1191	20687
1192	20688
1194	20690
1204	20700
1206	20702
1208	20704
1209	20705
1210	20706
1213	20709
1214	20710
1215	20711
1218	20714
1221	20717
1223	20719
1225	20721
1226	20722
1227	20723
1231	20727
1232	20728
1234	20730
1235	20731
1240	20736
1242	20738
1243	20739
1248	20744
1249	20745
1251	20747
1252	20748
1253	20749
1254	20750
1260	20756
1262	20758
1264	20760
1266	20762
1270	20766
1271	20767
1272	20768
1273	20769
1275	20771
1276	20772
1277	20773
1278	20774
1280	20776
1283	20779
1285	20781
1288	20784
1289	20785
1290	20786
1292	20788
1293	20789
1294	20790
1295	20791
1296	20792
1297	20793
1299	20795
1304	20800
1308	20804
1309	20805
1310	20806
1312	20808
1314	20810
1318	20814
1319	20815
1321	20817
1325	20821
1327	20823
1328	20824
1334	20830
1338	20834
1340	20836
1341	20837
1342	20838
1343	20839
1347	20843
1353	20849
1355	20851
1356	20852
1357	20853
1360	20857
1363	20860
1364	20861
1371	20868
1373	20870
1375	20872
1376	20873
1377	20874
1380	20877
1384	20881
1385	20882
1386	20883
1387	20884
1388	20885
1389	20886
1391	20888
1394	20891
1397	20894
1398	20895
1403	20901
1405	20903
1406	20904
1408	20906
1411	20909
1413	20911
1416	20914
1417	20915
1418	20916
1423	20921
1425	20923
1426	20924
1441	20939
1445	20943
1450	20948
1451	20949
1454	20952
1455	20953
1457	20955
1458	20956
1459	20957
1462	20960
1463	20961
1468	20966
1469	20967
1474	20972
1475	20973
1477	20975
1484	20982
1485	20983
1488	20986
1489	20987
1491	20989
1493	20991
1497	20995
1498	20996
1499	20997
1501	20999
1502	21000
1505	21003
1506	21004
1507	21005
1508	21006
1509	21008
1513	21012
1515	21014
1518	21017
1520	21019
1522	21021
1524	21023
1531	21030
1541	21040
1542	21041
1543	21042
1546	21045
1550	21049
1552	21051
1557	21056
1558	21057
1559	21058
1560	21059
1561	21060
1562	21061
1563	21062
1569	21068
1570	21069
1571	21070
1575	21074
1580	21079
1582	21081
1584	21083
1591	21090
1602	21101
1604	21103
1607	21106
1613	21112
1614	21113
1621	21120
1629	21128
1634	21134
1639	21139
1647	21147
1648	21148
1649	21149
1650	21150
1662	21162
1664	21164
1674	21174
1675	21176
1676	21177
1679	21180
1686	21187
1688	21189
1689	21190
1691	21192
1695	21196
1699	21201
1701	21203
1704	21206
1706	21208
1712	21214
1714	21216
1722	21224
1724	21226
1725	21227
1726	21228
1727	21229
1728	21230
1730	21232
1731	21233
1732	21235
1733	21236
1734	21237
1735	21238
1736	21239
1737	21240
1739	21242
1745	21248
1746	21249
1749	21252
1750	21253
1751	21254
1759	21262
1760	21263
1761	21264
1762	21265
1763	21266
1764	21267
1769	21272
1774	21277
1775	21278
1777	21280
1780	21283
1781	21284
1786	21289
1788	21291
1798	21301
1799	21302
1800	21303
1802	21305
1803	21306
1805	21308
1814	21317
1816	21319
1817	21320
1818	21321
1823	21326
1829	21332
1835	21338
1839	21342
1840	21343
1841	21344
1844	21347
1848	21351
1850	21353
1851	21354
1852	21355
1857	21360
1862	21365
1865	21368
1868	21371
1870	21373
1872	21375
1873	21376
1874	21377
1881	21384
1885	21388
1887	21390
1889	21392
1892	21395
1898	21401
1901	21404
1902	21405
1904	21407
1907	21410
1909	21412
1910	21413
1919	21422
1920	21423
1923	21426
1924	21427
1925	21428
1929	21432
1930	21433
1935	21438
1936	21439
1944	21447
1949	21452
1954	21457
1955	21458
1957	21460
1960	21463
1966	21469
1971	21474
1973	21476
1976	21479
1979	21482
1986	21489
1992	21495
1993	21496
1994	21497
1995	21498
1996	21499
1998	21501
