0	49629
1	49630
2	49631
3	49632
4	49633
5	49634
6	49635
7	49636
8	49637
9	49638
10	49639
11	49640
12	49641
13	49642
14	49643
15	49644
16	49645
17	49646
18	49647
19	49648
20	49649
21	49650
22	49651
23	49652
24	49653
25	49654
26	49655
27	49656
28	49657
29	49658
30	49659
31	49660
32	49661
33	49662
34	49663
35	49664
36	49665
37	49666
38	49667
39	49668
40	49669
41	49670
42	49671
43	49672
44	49673
45	49674
46	49675
47	49676
48	49677
49	49678
50	49679
51	49680
52	49681
53	49682
54	49683
55	49684
56	49685
57	49686
58	49687
59	49688
60	49689
61	49690
62	49691
63	49692
64	49693
65	49694
66	49695
67	49696
68	49697
69	49698
70	49699
71	49700
72	49701
73	49702
74	49703
75	49704
76	49705
77	49706
78	49707
79	49708
80	49709
81	49710
82	49711
83	49712
84	49713
85	49714
86	49715
87	49716
88	49717
89	49718
90	49719
91	49720
92	49721
93	49722
94	49723
95	49724
96	49725
97	49726
98	49727
99	49728
100	49729
101	49730
102	49731
103	49732
104	49733
105	49734
106	49735
107	49736
108	49737
109	49738
110	49739
111	49740
112	49741
113	49742
114	49743
115	49744
116	49745
117	49746
118	49747
119	49748
120	49749
121	49750
122	49751
123	49752
124	49753
125	49754
126	49755
127	49756
128	49757
129	49758
130	49759
131	49760
132	49761
133	49762
134	49763
135	49764
136	49765
137	49766
138	49767
139	49768
140	49769
141	49770
142	49771
143	49772
144	49773
145	49774
146	49775
147	49776
148	49777
149	49778
150	49779
151	49780
152	49781
153	49782
154	49783
155	49784
156	49785
157	49786
158	49787
159	49788
160	49789
161	49790
162	49791
163	49792
164	49793
165	49794
166	49795
167	49796
168	49797
169	49798
170	49799
171	49800
172	49801
173	49802
174	49803
175	49804
176	49805
177	49806
178	49807
179	49808
180	49809
181	49810
182	49811
183	49812
184	49813
185	49814
186	49815
187	49816
188	49817
189	49818
190	49819
191	49820
192	49821
193	49822
194	49823
195	49824
196	49825
197	49826
198	49827
199	49828
200	49829
201	49830
202	49831
203	49832
204	49833
205	49834
206	49835
207	49836
208	49837
209	49838
210	49839
211	49840
212	49841
213	49842
214	49843
215	49844
216	49845
217	49846
218	49847
219	49848
220	49849
221	49850
222	49851
223	49852
224	49853
225	49854
226	49855
227	49856
228	49857
229	49858
230	49859
231	49860
232	49861
233	49862
234	49863
235	49864
236	49865
237	49866
238	49867
239	49868
240	49869
241	49870
242	49871
243	49872
244	49873
245	49874
246	49875
247	49876
248	49877
249	49878
250	49879
251	49880
252	49881
253	49882
254	49883
255	49884
256	49885
257	49886
258	49887
259	49888
260	49889
261	49890
262	49891
263	49892
264	49893
265	49894
266	49895
267	49896
268	49897
269	49898
270	49899
271	49900
272	49901
273	49902
274	49903
275	49904
276	49905
277	49906
278	49907
279	49908
280	49909
281	49910
282	49911
283	49912
284	49913
285	49914
286	49915
287	49916
288	49917
289	49918
290	49919
291	49920
292	49921
293	49922
294	49923
295	49924
296	49925
297	49926
298	49927
299	49928
300	49929
301	49930
302	49931
303	49932
304	49933
305	49934
306	49935
307	49936
308	49937
309	49938
310	49939
311	49940
312	49941
313	49942
314	49943
315	49944
316	49945
317	49946
318	49947
319	49948
320	49949
321	49950
322	49951
323	49952
324	49953
325	49954
326	49955
327	49956
328	49957
329	49958
330	49959
331	49960
332	49961
333	49962
334	49963
335	49964
336	49965
337	49966
338	49967
339	49968
340	49969
341	49970
342	49971
343	49972
344	49973
345	49974
346	49975
347	49976
348	49977
349	49978
350	49979
351	49980
352	49981
353	49982
354	49983
355	49984
356	49985
357	49986
358	49987
359	49988
360	49989
361	49990
362	49991
363	49992
364	49993
365	49994
366	49995
367	49996
368	49997
369	49998
370	49999
371	50000
372	50001
373	50002
374	50003
375	50004
376	50005
377	50006
378	50007
379	50008
380	50009
381	50010
382	50011
383	50012
384	50013
385	50014
386	50015
387	50016
388	50017
389	50018
390	50019
391	50020
392	50021
393	50022
394	50023
395	50024
396	50025
397	50026
398	50027
399	50028
400	50029
401	50030
402	50031
403	50032
404	50033
405	50034
406	50035
407	50036
408	50037
409	50038
410	50039
411	50040
412	50041
413	50042
414	50043
415	50044
416	50045
417	50046
418	50047
419	50048
420	50049
421	50050
422	50051
423	50052
424	50053
425	50054
426	50055
427	50056
428	50057
429	50058
430	50059
431	50060
432	50061
433	50062
434	50063
435	50064
436	50065
437	50066
438	50067
439	50068
440	50069
441	50070
442	50071
443	50072
444	50073
445	50074
446	50075
447	50076
448	50077
449	50078
450	50079
451	50080
452	50081
453	50082
454	50083
455	50084
456	50085
457	50086
458	50087
459	50088
460	50089
461	50090
462	50091
463	50092
464	50093
465	50094
466	50095
467	50096
468	50097
469	50098
470	50099
471	50100
472	50101
473	50102
474	50103
475	50104
476	50105
477	50106
478	50107
479	50108
480	50109
481	50110
482	50111
483	50112
484	50113
485	50114
486	50115
487	50116
488	50117
489	50118
490	50119
491	50120
492	50121
493	50122
494	50123
495	50124
496	50125
497	50126
498	50127
499	50128
500	50129
501	50130
502	50131
503	50132
504	50133
505	50134
506	50135
507	50136
508	50137
509	50138
510	50139
511	50140
512	50141
513	50142
514	50143
515	50144
516	50145
517	50146
518	50147
519	50148
520	50149
521	50150
522	50151
523	50152
524	50153
525	50154
526	50155
527	50156
528	50157
529	50158
530	50159
531	50160
532	50161
533	50162
534	50163
535	50164
536	50165
537	50166
538	50167
539	50168
540	50169
541	50170
542	50171
543	50172
544	50173
545	50174
546	50175
547	50176
548	50177
549	50178
550	50179
551	50180
552	50181
553	50182
554	50183
555	50184
556	50185
557	50186
558	50187
559	50188
560	50189
561	50190
562	50191
563	50192
564	50193
565	50194
566	50195
567	50196
568	50197
569	50198
570	50199
571	50200
572	50201
573	50202
574	50203
575	50204
576	50205
577	50206
578	50207
579	50208
580	50209
581	50210
582	50211
583	50212
584	50213
585	50214
586	50215
587	50216
588	50217
589	50218
590	50219
591	50220
592	50221
593	50222
594	50223
595	50224
596	50225
597	50226
598	50227
599	50228
600	50229
601	50230
602	50231
603	50232
604	50233
605	50234
606	50235
607	50236
608	50237
609	50238
610	50239
611	50240
612	50241
613	50242
614	50243
615	50244
616	50245
617	50246
618	50247
619	50248
620	50249
621	50250
622	50251
623	50252
624	50253
625	50254
626	50255
627	50256
628	50257
629	50258
630	50259
631	50260
632	50261
633	50262
634	50263
635	50264
636	50265
637	50266
638	50267
639	50268
640	50269
641	50270
642	50271
643	50272
644	50273
645	50274
646	50275
647	50276
648	50277
649	50278
650	50279
651	50280
652	50281
653	50282
654	50283
655	50284
656	50285
657	50286
658	50287
659	50288
660	50289
661	50290
662	50291
663	50292
664	50293
665	50294
666	50295
667	50296
668	50297
669	50298
670	50299
671	50300
672	50301
673	50302
674	50303
675	50304
676	50305
677	50306
678	50307
679	50308
680	50309
681	50310
682	50311
683	50312
684	50313
685	50314
686	50315
687	50316
688	50317
689	50318
690	50319
691	50320
692	50321
693	50322
694	50323
695	50324
696	50325
697	50326
698	50327
699	50328
700	50329
701	50330
702	50331
703	50332
704	50333
705	50334
706	50335
707	50336
708	50337
709	50338
710	50339
711	50340
712	50341
713	50342
714	50343
715	50344
716	50345
717	50346
718	50347
719	50348
720	50349
721	50350
722	50351
723	50352
724	50353
725	50354
726	50355
727	50356
728	50357
729	50358
730	50359
731	50360
732	50361
733	50362
734	50363
735	50364
736	50365
737	50366
738	50367
739	50368
740	50369
741	50370
742	50371
743	50372
744	50373
745	50374
746	50375
747	50376
748	50377
749	50378
750	50379
751	50380
752	50381
753	50382
754	50383
755	50384
756	50385
757	50386
758	50387
759	50388
760	50389
761	50390
762	50391
763	50392
764	50393
765	50394
766	50395
767	50396
768	50397
769	50398
770	50399
771	50400
772	50401
773	50402
774	50403
775	50404
776	50405
777	50406
778	50407
779	50408
780	50409
781	50410
782	50411
783	50412
784	50413
785	50414
786	50415
787	50416
788	50417
789	50418
790	50419
791	50420
792	50421
793	50422
794	50423
795	50424
796	50425
797	50426
798	50427
799	50428
800	50429
801	50430
802	50431
803	50432
804	50433
805	50434
806	50435
807	50436
808	50437
809	50438
810	50439
811	50440
812	50441
813	50442
814	50443
815	50444
816	50445
817	50446
818	50447
819	50448
820	50449
821	50450
822	50451
823	50452
824	50453
825	50454
826	50455
827	50456
828	50457
829	50458
830	50459
831	50460
832	50461
833	50462
834	50463
835	50464
836	50465
837	50466
838	50467
839	50468
840	50469
841	50470
842	50471
843	50472
844	50473
845	50474
846	50475
847	50476
848	50477
849	50478
850	50479
851	50480
852	50481
853	50482
854	50483
855	50484
856	50485
857	50486
858	50487
859	50488
860	50489
861	50490
862	50491
863	50492
864	50493
865	50494
866	50495
867	50496
868	50497
869	50498
870	50499
871	50500
872	50501
873	50502
874	50503
875	50504
876	50505
877	50506
878	50507
879	50508
880	50509
881	50510
882	50511
883	50512
884	50513
885	50514
886	50515
887	50516
888	50517
889	50518
890	50519
891	50520
892	50521
893	50522
894	50523
895	50524
896	50525
897	50526
898	50527
899	50528
900	50529
901	50530
902	50531
903	50532
904	50533
905	50534
906	50535
907	50536
908	50537
909	50538
910	50539
911	50540
912	50541
913	50542
914	50543
915	50544
916	50545
917	50546
918	50547
919	50548
920	50549
921	50550
922	50551
923	50552
924	50553
925	50554
926	50555
927	50556
928	50557
929	50558
930	50559
931	50560
932	50561
933	50562
934	50563
935	50564
936	50565
937	50566
938	50567
939	50568
940	50569
941	50570
942	50571
943	50572
944	50573
945	50574
946	50575
947	50576
948	50577
949	50578
950	50579
951	50580
952	50581
953	50582
954	50583
955	50584
956	50585
957	50586
958	50587
959	50588
960	50589
961	50590
962	50591
963	50592
964	50593
965	50594
966	50595
967	50596
968	50597
969	50598
970	50599
971	50600
972	50601
973	50602
974	50603
975	50604
976	50605
977	50606
978	50607
979	50608
980	50609
981	50610
982	50611
983	50612
984	50613
985	50614
986	50615
987	50616
988	50617
989	50618
990	50619
991	50620
992	50621
993	50622
994	50623
995	50624
996	50625
997	50626
998	50627
999	50628
1000	50629
1001	50630
1002	50631
1003	50632
1004	50633
1005	50634
1006	50635
1007	50636
1008	50637
1009	50638
1010	50639
1011	50640
1012	50641
1013	50642
1014	50643
1015	50644
1016	50645
1017	50646
1018	50647
1019	50648
1020	50649
1021	50650
1022	50651
1023	50652
1024	50653
1025	50654
1026	50655
1027	50656
1028	50657
1029	50658
1030	50659
1031	50660
1032	50661
1033	50662
1034	50663
1035	50664
1036	50665
1037	50666
1038	50667
1039	50668
1040	50669
1041	50670
1042	50671
1043	50672
1044	50673
1045	50674
1046	50675
1047	50676
1048	50677
1049	50678
1050	50679
1051	50680
1052	50681
1053	50682
1054	50683
1055	50684
1056	50685
1057	50686
1058	50687
1059	50688
1060	50689
1061	50690
1062	50691
1063	50692
1064	50693
1065	50694
1066	50695
1067	50696
1068	50697
1069	50698
1070	50699
1071	50700
1072	50701
1073	50702
1074	50703
1075	50704
1076	50705
1077	50706
1078	50707
1079	50708
1080	50709
1081	50710
1082	50711
1083	50712
1084	50713
1085	50714
1086	50715
1087	50716
1088	50717
1089	50718
1090	50719
1091	50720
1092	50721
1093	50722
1094	50723
1095	50724
1096	50725
1097	50726
1098	50727
1099	50728
1100	50729
1101	50730
1102	50731
1103	50732
1104	50733
1105	50734
1106	50735
1107	50736
1108	50737
1109	50738
1110	50739
1111	50740
1112	50741
1113	50742
1114	50743
1115	50744
1116	50745
1117	50746
1118	50747
1119	50748
1120	50749
1121	50750
1122	50751
1123	50752
1124	50753
1125	50754
1126	50755
1127	50756
1128	50757
1129	50758
1130	50759
1131	50760
1132	50761
1133	50762
1134	50763
1135	50764
1136	50765
1137	50766
1138	50767
1139	50768
1140	50769
1141	50770
1142	50771
1143	50772
1144	50773
1145	50774
1146	50775
1147	50776
1148	50777
1149	50778
1150	50779
1151	50780
1152	50781
1153	50782
1154	50783
1155	50784
1156	50785
1157	50786
1158	50787
1159	50788
1160	50789
1161	50790
1162	50791
1163	50792
1164	50793
1165	50794
1166	50795
1167	50796
1168	50797
1169	50798
1170	50799
1171	50800
1172	50801
1173	50802
1174	50803
1175	50804
1176	50805
1177	50806
1178	50807
1179	50808
1180	50809
1181	50810
1182	50811
1183	50812
1184	50813
1185	50814
1186	50815
1187	50816
1188	50817
1189	50818
1190	50819
1191	50820
1192	50821
1193	50822
1194	50823
1195	50824
1196	50825
1197	50826
1198	50827
1199	50828
1200	50829
1201	50830
1202	50831
1203	50832
1204	50833
1205	50834
1206	50835
1207	50836
1208	50837
1209	50838
1210	50839
1211	50840
1212	50841
1213	50842
1214	50843
1215	50844
1216	50845
1217	50846
1218	50847
1219	50848
1220	50849
1221	50850
1222	50851
1223	50852
1224	50853
1225	50854
1226	50855
1227	50856
1228	50857
1229	50858
1230	50859
1231	50860
1232	50861
1233	50862
1234	50863
1235	50864
1236	50865
1237	50866
1238	50867
1239	50868
1240	50869
1241	50870
1242	50871
1243	50872
1244	50873
1245	50874
1246	50875
1247	50876
1248	50877
1249	50878
1250	50879
1251	50880
1252	50881
1253	50882
1254	50883
1255	50884
1256	50885
1257	50886
1258	50887
1259	50888
1260	50889
1261	50890
1262	50891
1263	50892
1264	50893
1265	50894
1266	50895
1267	50896
1268	50897
1269	50898
1270	50899
1271	50900
1272	50901
1273	50902
1274	50903
1275	50904
1276	50905
1277	50906
1278	50907
1279	50908
1280	50909
1281	50910
1282	50911
1283	50912
1284	50913
1285	50914
1286	50915
1287	50916
1288	50917
1289	50918
1290	50919
1291	50920
1292	50921
1293	50922
1294	50923
1295	50924
1296	50925
1297	50926
1298	50927
1299	50928
1300	50929
1301	50930
1302	50931
1303	50932
1304	50933
1305	50934
1306	50935
1307	50936
1308	50937
1309	50938
1310	50939
1311	50940
1312	50941
1313	50942
1314	50943
1315	50944
1316	50945
1317	50946
1318	50947
1319	50948
1320	50949
1321	50950
1322	50951
1323	50952
1324	50953
1325	50954
1326	50955
1327	50956
1328	50957
1329	50958
1330	50959
1331	50960
1332	50961
1333	50962
1334	50963
1335	50964
1336	50965
1337	50966
1338	50967
1339	50968
1340	50969
1341	50970
1342	50971
1343	50972
1344	50973
1345	50974
1346	50975
1347	50976
1348	50977
1349	50978
1350	50979
1351	50980
1352	50981
1353	50982
1354	50983
1355	50984
1356	50985
1357	50986
1358	50987
1359	50988
1360	50989
1361	50990
1362	50991
1363	50992
1364	50993
1365	50994
1366	50995
1367	50996
1368	50997
1369	50998
1370	50999
1371	51000
1372	51001
1373	51002
1374	51003
1375	51004
1376	51005
1377	51006
1378	51007
1379	51008
1380	51009
1381	51010
1382	51011
1383	51012
1384	51013
1385	51014
1386	51015
1387	51016
1388	51017
1389	51018
1390	51019
1391	51020
1392	51021
1393	51022
1394	51023
1395	51024
1396	51025
1397	51026
1398	51027
1399	51028
1400	51029
1401	51030
1402	51031
1403	51032
1404	51033
1405	51034
1406	51035
1407	51036
1408	51037
1409	51038
1410	51039
1411	51040
1412	51041
1413	51042
1414	51043
1415	51044
1416	51045
1417	51046
1418	51047
1419	51048
1420	51049
1421	51050
1422	51051
1423	51052
1424	51053
1425	51054
1426	51055
1427	51056
1428	51057
1429	51058
1430	51059
1431	51060
1432	51061
1433	51062
1434	51063
1435	51064
1436	51065
1437	51066
1438	51067
1439	51068
1440	51069
1441	51070
1442	51071
1443	51072
1444	51073
1445	51074
1446	51075
1447	51076
1448	51077
1449	51078
1450	51079
1451	51080
1452	51081
1453	51082
1454	51083
1455	51084
1456	51085
1457	51086
1458	51087
1459	51088
1460	51089
1461	51090
1462	51091
1463	51092
1464	51093
1465	51094
1466	51095
1467	51096
1468	51097
1469	51098
1470	51099
1471	51100
1472	51101
1473	51102
1474	51103
1475	51104
1476	51105
1477	51106
1478	51107
1479	51108
1480	51109
1481	51110
1482	51111
1483	51112
1484	51113
1485	51114
1486	51115
1487	51116
1488	51117
1489	51118
1490	51119
1491	51120
1492	51121
1493	51122
1494	51123
1495	51124
1496	51125
1497	51126
1498	51127
1499	51128
1500	51129
1501	51130
1502	51131
1503	51132
1504	51133
1505	51134
1506	51135
1507	51136
1508	51137
1510	51138
1511	51139
1512	51140
1513	51141
1514	51142
1515	51143
1516	51144
1517	51145
1518	51146
1519	51147
1520	51148
1521	51149
1522	51150
1523	51151
1524	51152
1525	51153
1526	51154
1527	51155
1528	51156
1529	51157
1530	51158
1531	51159
1532	51160
1533	51161
1534	51162
1535	51163
1536	51164
1537	51165
1538	51166
1539	51167
1540	51168
1541	51169
1542	51170
1543	51171
1544	51172
1545	51173
1546	51174
1547	51175
1548	51176
1549	51177
1550	51178
1551	51179
1552	51180
1553	51181
1554	51182
1555	51183
1556	51184
1557	51185
1558	51186
1559	51187
1560	51188
1561	51189
1562	51190
1563	51191
1564	51192
1565	51193
1566	51194
1567	51195
1568	51196
1569	51197
1570	51198
1571	51199
1572	51200
1573	51201
1574	51202
1575	51203
1576	51204
1577	51205
1578	51206
1579	51207
1580	51208
1581	51209
1582	51210
1583	51211
1584	51212
1585	51213
1586	51214
1587	51215
1588	51216
1589	51217
1590	51218
1591	51219
1592	51220
1593	51221
1594	51222
1595	51223
1596	51224
1597	51225
1598	51226
1599	51227
1600	51228
1601	51229
1602	51230
1603	51231
1604	51232
1605	51233
1606	51234
1607	51235
1608	51236
1609	51237
1610	51238
1611	51239
1612	51240
1613	51241
1614	51242
1615	51243
1616	51244
1617	51245
1618	51246
1619	51247
1620	51248
1621	51249
1622	51250
1623	51251
1624	51252
1625	51253
1626	51254
1627	51255
1628	51256
1629	51257
1630	51258
1631	51259
1632	51260
1633	51261
1634	51262
1635	51263
1636	51264
1637	51265
1638	51266
1639	51267
1640	51268
1641	51269
1642	51270
1643	51271
1644	51272
1645	51273
1646	51274
1647	51275
1648	51276
1649	51277
1650	51278
1651	51279
1652	51280
1653	51281
1654	51282
1655	51283
1656	51284
1657	51285
1658	51286
1659	51287
1660	51288
1661	51289
1662	51290
1663	51291
1664	51292
1665	51293
1666	51294
1667	51295
1668	51296
1669	51297
1670	51298
1671	51299
1672	51300
1673	51301
1674	51302
1675	51303
1676	51304
1677	51305
1678	51306
1679	51307
1680	51308
1681	51309
1682	51310
1683	51311
1684	51312
1685	51313
1686	51314
1687	51315
1688	51316
1689	51317
1690	51318
1691	51319
1692	51320
1693	51321
1694	51322
1695	51323
1696	51324
1697	51325
1698	51326
1699	51327
1700	51328
1701	51329
1702	51330
1703	51331
1704	51332
1705	51333
1706	51334
1707	51335
1708	51336
1709	51337
1710	51338
1711	51339
1712	51340
1713	51341
1714	51342
1715	51343
1716	51344
1717	51345
1718	51346
1719	51347
1720	51348
1721	51349
1722	51350
1723	51351
1724	51352
1725	51353
1726	51354
1727	51355
1728	51356
1729	51357
1730	51358
1731	51359
1732	51360
1733	51361
1734	51362
1735	51363
1736	51364
1737	51365
1738	51366
1739	51367
1740	51368
1741	51369
1742	51370
1743	51371
1744	51372
1745	51373
1746	51374
1747	51375
1748	51376
1749	51377
1750	51378
1751	51379
1752	51380
1753	51381
1754	51382
1755	51383
1756	51384
1757	51385
1758	51386
1759	51387
1760	51388
1761	51389
1762	51390
1763	51391
1764	51392
1765	51393
1766	51394
1767	51395
1768	51396
1769	51397
1770	51398
1771	51399
1772	51400
1773	51401
1774	51402
1775	51403
1776	51404
1777	51405
1778	51406
1779	51407
1780	51408
1781	51409
1782	51410
1783	51411
1784	51412
1785	51413
1786	51414
1787	51415
1788	51416
1789	51417
1790	51418
1791	51419
1792	51420
1793	51421
1794	51422
1795	51423
1796	51424
1797	51425
1798	51426
1799	51427
1800	51428
1801	51429
1802	51430
1803	51431
1804	51432
1805	51433
1806	51434
1807	51435
1808	51436
1809	51437
1810	51438
1811	51439
1812	51440
1813	51441
1814	51442
1815	51443
1816	51444
1817	51445
1818	51446
1819	51447
1820	51448
1821	51449
1822	51450
1823	51451
1824	51452
1825	51453
1826	51454
1827	51455
1828	51456
1829	51457
1830	51458
1831	51459
1832	51460
1833	51461
1834	51462
1835	51463
1836	51464
1837	51465
1838	51466
1839	51467
1840	51468
1841	51469
1842	51470
1843	51471
1844	51472
1845	51473
1846	51474
1847	51475
1848	51476
1849	51477
1850	51478
1851	51479
1852	51480
1853	51481
1854	51482
1855	51483
1856	51484
1857	51485
1858	51486
1859	51487
1860	51488
1861	51489
1862	51490
1863	51491
1864	51492
1865	51493
1866	51494
1867	51495
1868	51496
1869	51497
1870	51498
1871	51499
1872	51500
1873	51501
1874	51502
1875	51503
1876	51504
1877	51505
1878	51506
1879	51507
1880	51508
1881	51509
1882	51510
1883	51511
1884	51512
1885	51513
1887	51514
1888	51515
1889	51516
1890	51517
1891	51518
1892	51519
1893	51520
1894	51521
1895	51522
1896	51523
1897	51524
1898	51525
1899	51526
1900	51527
1901	51528
1902	51529
1903	51530
1904	51531
1905	51532
1906	51533
1907	51534
1908	51535
1909	51536
1910	51537
1911	51538
1912	51539
1913	51540
1914	51541
1915	51542
1916	51543
1917	51544
1918	51545
1919	51546
1920	51547
1921	51548
1922	51549
1923	51550
1924	51551
1925	51552
1926	51553
1927	51554
1928	51555
1929	51556
1930	51557
1931	51558
1932	51559
1933	51560
1934	51561
1935	51562
1936	51563
1937	51564
1938	51565
1939	51566
1940	51567
1941	51568
1942	51569
1943	51570
1944	51571
1945	51572
1946	51573
1947	51574
1948	51575
1949	51576
1950	51577
1951	51578
1952	51579
1953	51580
1954	51581
1955	51582
1956	51583
1957	51584
1958	51585
1959	51586
1960	51587
1961	51588
1962	51589
1963	51590
1964	51591
1965	51592
1966	51593
1967	51594
1968	51595
1969	51596
1970	51597
1971	51598
1972	51599
1973	51600
1974	51601
1975	51602
1976	51603
1977	51604
1978	51605
1979	51606
1980	51607
1981	51608
1983	51609
1984	51610
1985	51611
1986	51612
1987	51613
1988	51614
1989	51615
1990	51616
1991	51617
1992	51618
1993	51619
1994	51620
1995	51621
1996	51622
1997	51623
1998	51624
1999	51625
2000	51626
2001	51627
2002	51628
2003	51629
2004	51630
2005	51631
2006	51632
2007	51633
2008	51634
2009	51635
2010	51636
2011	51637
2012	51638
2013	51639
2014	51640
2015	51641
2016	51642
2017	51643
2018	51644
2019	51645
2020	51646
2021	51647
2022	51648
2023	51649
2024	51650
2025	51651
2026	51652
2027	51653
2028	51654
2029	51655
2030	51656
2031	51657
2032	51658
2033	51659
2034	51660
2035	51661
2036	51662
2037	51663
2038	51664
2039	51665
2040	51666
2041	51667
2042	51668
2043	51669
2044	51670
2045	51671
2046	51672
2047	51673
2048	51674
2049	51675
2050	51676
2051	51677
2052	51678
2053	51679
2054	51680
2055	51681
2056	51682
2057	51683
2058	51684
2059	51685
2060	51686
2061	51687
2062	51688
2063	51689
2064	51690
2065	51691
2066	51692
2067	51693
2068	51694
2069	51695
2070	51696
2071	51697
2072	51698
2073	51699
2074	51700
2075	51701
2076	51702
2077	51703
2078	51704
2079	51705
2080	51706
2081	51707
2082	51708
2083	51709
2084	51710
2085	51711
2086	51712
2087	51713
2088	51714
2089	51715
2090	51716
2091	51717
2092	51718
2093	51719
2094	51720
2095	51721
2096	51722
2097	51723
2098	51724
2099	51725
2100	51726
2101	51727
2102	51728
2103	51729
2104	51730
2105	51731
2106	51732
2107	51733
2108	51734
2109	51735
2110	51736
2111	51737
2112	51738
2113	51739
2114	51740
2115	51741
2116	51742
2117	51743
2118	51744
2119	51745
2120	51746
2121	51747
2122	51748
2123	51749
2124	51750
2125	51751
2126	51752
2127	51753
2128	51754
2129	51755
2130	51756
2131	51757
2132	51758
2133	51759
2134	51760
2135	51761
2136	51762
2137	51763
2138	51764
2139	51765
2140	51766
2141	51767
2142	51768
2143	51769
2145	51770
2146	51771
2147	51772
2148	51773
2149	51774
2150	51775
2151	51776
2152	51777
2153	51778
2154	51779
2155	51780
2156	51781
2157	51782
2158	51783
2159	51784
2160	51785
2161	51786
2162	51787
2163	51788
2164	51789
2165	51790
2166	51791
2167	51792
2168	51793
2169	51794
2170	51795
2171	51796
2172	51797
2173	51798
2174	51799
2175	51800
2176	51801
2177	51802
2178	51803
2179	51804
2180	51805
2181	51806
2182	51807
2183	51808
2184	51809
2185	51810
2186	51811
2187	51812
2188	51813
2189	51814
2190	51815
2191	51816
2192	51817
2193	51818
2194	51819
2195	51820
2196	51821
2197	51822
2198	51823
2199	51824
2200	51825
2201	51826
2202	51827
2203	51828
2204	51829
2205	51830
2206	51831
2207	51832
2208	51833
2209	51834
2210	51835
2211	51836
2212	51837
2213	51838
2214	51839
2216	51840
2217	51841
2218	51842
2219	51843
2220	51844
2221	51845
2222	51846
2223	51847
2224	51848
2225	51849
2226	51850
2227	51851
2228	51852
2229	51853
2230	51854
2231	51855
2232	51856
2233	51857
2234	51858
2235	51859
2236	51860
2237	51861
2238	51862
2239	51863
2240	51864
2241	51865
2242	51866
2243	51867
2244	51868
2245	51869
2246	51870
2247	51871
2248	51872
2249	51873
2250	51874
2251	51875
2252	51876
2253	51877
2254	51878
2255	51879
2256	51880
2257	51881
2258	51882
2259	51883
2260	51884
2261	51885
2262	51886
2263	51887
2264	51888
2265	51889
2266	51890
2267	51891
2268	51892
2269	51893
2270	51894
2271	51895
2272	51896
2273	51897
2274	51898
2275	51899
2276	51900
2277	51901
2278	51902
2279	51903
2280	51904
2281	51905
2282	51906
2283	51907
2284	51908
2285	51909
2286	51910
2287	51911
2288	51912
2289	51913
2290	51914
2291	51915
2292	51916
2293	51917
2294	51918
2295	51919
2296	51920
2297	51921
2298	51922
2299	51923
2300	51924
2301	51925
2302	51926
2303	51927
2304	51928
2305	51929
2306	51930
2307	51931
2308	51932
2309	51933
2310	51934
2311	51935
2312	51936
2313	51937
2314	51938
2315	51939
2316	51940
2317	51941
2318	51942
2319	51943
2320	51944
2321	51945
2322	51946
2323	51947
2324	51948
2325	51949
2326	51950
2327	51951
2328	51952
2329	51953
2330	51954
2331	51955
2332	51956
2333	51957
2334	51958
2335	51959
2336	51960
2337	51961
2338	51962
2339	51963
2340	51964
2341	51965
2342	51966
2343	51967
2344	51968
2345	51969
2346	51970
2347	51971
2348	51972
2349	51973
2350	51974
2351	51975
2352	51976
2353	51977
2354	51978
2355	51979
2356	51980
2357	51981
2358	51982
2359	51983
2360	51984
2361	51985
2362	51986
2363	51987
2364	51988
2365	51989
2366	51990
2367	51991
2368	51992
2369	51993
2370	51994
2371	51995
2372	51996
2373	51997
2374	51998
2375	51999
2376	52000
2377	52001
2378	52002
2379	52003
2380	52004
2381	52005
2382	52006
2383	52007
2384	52008
2385	52009
2386	52010
2387	52011
2388	52012
2389	52013
2390	52014
2391	52015
2392	52016
2393	52017
2394	52018
2395	52019
2396	52020
2397	52021
2398	52022
2399	52023
2400	52024
2401	52025
2402	52026
2403	52027
2404	52028
2405	52029
2406	52030
2407	52031
2408	52032
2409	52033
2410	52034
2411	52035
2412	52036
2414	52037
2415	52038
2416	52039
2417	52040
2418	52041
2419	52042
2420	52043
2421	52044
2422	52045
2423	52046
2424	52047
2425	52048
2426	52049
2427	52050
2428	52051
2429	52052
2430	52053
2431	52054
2432	52055
2433	52056
2434	52057
2435	52058
2436	52059
2437	52060
2438	52061
2439	52062
2440	52063
2441	52064
2442	52065
2443	52066
2444	52067
2445	52068
2446	52069
2447	52070
2448	52071
2449	52072
2450	52073
2451	52074
2452	52075
2453	52076
2454	52077
2455	52078
2456	52079
2457	52080
2458	52081
2459	52082
2460	52083
2461	52084
2462	52085
2463	52086
2464	52087
2465	52088
2466	52089
2467	52090
2468	52091
2469	52092
2470	52093
2471	52094
2472	52095
2473	52096
2474	52097
2475	52098
2476	52099
2477	52100
2478	52101
2479	52102
2480	52103
2481	52104
2482	52105
2483	52106
2484	52107
2485	52108
2486	52109
2487	52110
2488	52111
2489	52112
2490	52113
2491	52114
2492	52115
2493	52116
2494	52117
2495	52118
2496	52119
2497	52120
2498	52121
2499	52122
2500	52123
2501	52124
2502	52125
2503	52126
2504	52127
2505	52128
2506	52129
2507	52130
2508	52131
2509	52132
2510	52133
2511	52134
2512	52135
2513	52136
2514	52137
2515	52138
2516	52139
2517	52140
2518	52141
2519	52142
2520	52143
2521	52144
2522	52145
2523	52146
2524	52147
2525	52148
2526	52149
2527	52150
2528	52151
2529	52152
2530	52153
2531	52154
2532	52155
2533	52156
2534	52157
2535	52158
2536	52159
2537	52160
2538	52161
2539	52162
2540	52163
2541	52164
2542	52165
2543	52166
2544	52167
2545	52168
2546	52169
2547	52170
2548	52171
2549	52172
2550	52173
2551	52174
2552	52175
2553	52176
2554	52177
2555	52178
2556	52179
2557	52180
2558	52181
2559	52182
2560	52183
2561	52184
2562	52185
2563	52186
2564	52187
2565	52188
2566	52189
2567	52190
2568	52191
2569	52192
2570	52193
2571	52194
2572	52195
2573	52196
2574	52197
2575	52198
2576	52199
2577	52200
2578	52201
2579	52202
2580	52203
2581	52204
2582	52205
2583	52206
2584	52207
2585	52208
2586	52209
2587	52210
2588	52211
2589	52212
2590	52213
2591	52214
2592	52215
2593	52216
2594	52217
2595	52218
2596	52219
2597	52220
2598	52221
2599	52222
2600	52223
2601	52224
2602	52225
2603	52226
2604	52227
2605	52228
2606	52229
2607	52230
2608	52231
2609	52232
2610	52233
2611	52234
2612	52235
2613	52236
2614	52237
2615	52238
2616	52239
2617	52240
2618	52241
2619	52242
2620	52243
2621	52244
2622	52245
2623	52246
2624	52247
2625	52248
2626	52249
2628	52250
2629	52251
2630	52252
2631	52253
2632	52254
2633	52255
2634	52256
2635	52257
2636	52258
2637	52259
2638	52260
2639	52261
2640	52262
2642	52263
2643	52264
2644	52265
2645	52266
2646	52267
2647	52268
2648	52269
2649	52270
2650	52271
2651	52272
2652	52273
2653	52274
2654	52275
2655	52276
2656	52277
2657	52278
2658	52279
2659	52280
2660	52281
2661	52282
2662	52283
2663	52284
2664	52285
2665	52286
2666	52287
2667	52288
2668	52289
2669	52290
2670	52291
2671	52292
2672	52293
2673	52294
2674	52295
2675	52296
2676	52297
2677	52298
2678	52299
2679	52300
2680	52301
2681	52302
2682	52303
2683	52304
2684	52305
2685	52306
2686	52307
2687	52308
2688	52309
2689	52310
2690	52311
2691	52312
2692	52313
2693	52314
2694	52315
2695	52316
2696	52317
2697	52318
2698	52319
2699	52320
2700	52321
2701	52322
2702	52323
2703	52324
2704	52325
2705	52326
2706	52327
2707	52328
2708	52329
2709	52330
2710	52331
2711	52332
2712	52333
2713	52334
2714	52335
2715	52336
2716	52337
2717	52338
2718	52339
2719	52340
2720	52341
2721	52342
2722	52343
2723	52344
2724	52345
2725	52346
2726	52347
2727	52348
2728	52349
2729	52350
2730	52351
2731	52352
2732	52353
2733	52354
2734	52355
2735	52356
2736	52357
2737	52358
2738	52359
2739	52360
2740	52361
2741	52362
2742	52363
2743	52364
2744	52365
2745	52366
2746	52367
2747	52368
2748	52369
2749	52370
2750	52371
2751	52372
2752	52373
2753	52374
2754	52375
2756	52376
2757	52377
2758	52378
2759	52379
2760	52380
2761	52381
2762	52382
2763	52383
2764	52384
2765	52385
2766	52386
2767	52387
2768	52388
2769	52389
2770	52390
2771	52391
2772	52392
2773	52393
2774	52394
2775	52395
2776	52396
2777	52397
2778	52398
2779	52399
2780	52400
2781	52401
2782	52402
2783	52403
2784	52404
2785	52405
2786	52406
2787	52407
2788	52408
2789	52409
2790	52410
2791	52411
2792	52412
2793	52413
2794	52414
2795	52415
2796	52416
2797	52417
2798	52418
2799	52419
2800	52420
2801	52421
2802	52422
2803	52423
2804	52424
2805	52425
2806	52426
2807	52427
2808	52428
2809	52429
2810	52430
2811	52431
2812	52432
2813	52433
2814	52434
2815	52435
2816	52436
2817	52437
2818	52438
2819	52439
2820	52440
2821	52441
2822	52442
2823	52443
2824	52444
2825	52445
2826	52446
2827	52447
2828	52448
2829	52449
2830	52450
2831	52451
2832	52452
2833	52453
2834	52454
2835	52455
2836	52456
2837	52457
2838	52458
2839	52459
2840	52460
2841	52461
2842	52462
2843	52463
2844	52464
2845	52465
2846	52466
2847	52467
2848	52468
2849	52469
2850	52470
2851	52471
2852	52472
2853	52473
2854	52474
2855	52475
2856	52476
2857	52477
2858	52478
2859	52479
2860	52480
2861	52481
2862	52482
2863	52483
2864	52484
2865	52485
2866	52486
2867	52487
2868	52488
2869	52489
2870	52490
2871	52491
2872	52492
2873	52493
2874	52494
2875	52495
2876	52496
2877	52497
2878	52498
2879	52499
2880	52500
2881	52501
2882	52502
2883	52503
2884	52504
2885	52505
2886	52506
2887	52507
2888	52508
2889	52509
2890	52510
2891	52511
2892	52512
2893	52513
2894	52514
2895	52515
2896	52516
2897	52517
2898	52518
2899	52519
2900	52520
2901	52521
2902	52522
2903	52523
2904	52524
2905	52525
2906	52526
2907	52527
2908	52528
2909	52529
2910	52530
2911	52531
2912	52532
2913	52533
2914	52534
2915	52535
2916	52536
2917	52537
2918	52538
2919	52539
2920	52540
2921	52541
2922	52542
2923	52543
2924	52544
2925	52545
2926	52546
2927	52547
2928	52548
2929	52549
2930	52550
2931	52551
2932	52552
2933	52553
2934	52554
2935	52555
2936	52556
2937	52557
2938	52558
2939	52559
2940	52560
2941	52561
2942	52562
2943	52563
2944	52564
2945	52565
2946	52566
2947	52567
2948	52568
2949	52569
2950	52570
2951	52571
2952	52572
2953	52573
2954	52574
2955	52575
2956	52576
2957	52577
2958	52578
2959	52579
2960	52580
2961	52581
2962	52582
2963	52583
2964	52584
2965	52585
2966	52586
2967	52587
2968	52588
2969	52589
2970	52590
2971	52591
2972	52592
2973	52593
2974	52594
2975	52595
2976	52596
2977	52597
2978	52598
2979	52599
2980	52600
2981	52601
2982	52602
2983	52603
2984	52604
2985	52605
2986	52606
2987	52607
2988	52608
2989	52609
2990	52610
2991	52611
2992	52612
2993	52613
2994	52614
2995	52615
2996	52616
2997	52617
2998	52618
2999	52619
3000	52620
3001	52621
3002	52622
3003	52623
3004	52624
3005	52625
3006	52626
3007	52627
3008	52628
3009	52629
3010	52630
3011	52631
3012	52632
3013	52633
3014	52634
3015	52635
3016	52636
3017	52637
3018	52638
3019	52639
3020	52640
3021	52641
3022	52642
3023	52643
3024	52644
3025	52645
3026	52646
3027	52647
3028	52648
3029	52649
3030	52650
3031	52651
3032	52652
3033	52653
3034	52654
3035	52655
3036	52656
3037	52657
3038	52658
3039	52659
3040	52660
3041	52661
3042	52662
3044	52663
3045	52664
3046	52665
3047	52666
3048	52667
3049	52668
3050	52669
3051	52670
3052	52671
3053	52672
3054	52673
3055	52674
3056	52675
3057	52676
3058	52677
3059	52678
3060	52679
3061	52680
3062	52681
3063	52682
3064	52683
3065	52684
3066	52685
3067	52686
3068	52687
3069	52688
3070	52689
3071	52690
3072	52691
3073	52692
3074	52693
3075	52694
3076	52695
3077	52696
3078	52697
3079	52698
3080	52699
3081	52700
3082	52701
3083	52702
3084	52703
3085	52704
3086	52705
3087	52706
3088	52707
3089	52708
3090	52709
3091	52710
3092	52711
3093	52712
3094	52713
3095	52714
3096	52715
3097	52716
3098	52717
3099	52718
3100	52719
3101	52720
3102	52721
3103	52722
3104	52723
3105	52724
3106	52725
3107	52726
3108	52727
3109	52728
3110	52729
3111	52730
3112	52731
3113	52732
3114	52733
3116	52734
3117	52735
3118	52736
3119	52737
3120	52738
3121	52739
3122	52740
3123	52741
3124	52742
3125	52743
3126	52744
3127	52745
3128	52746
3129	52747
3130	52748
3131	52749
3132	52750
3133	52751
3134	52752
3135	52753
3136	52754
3137	52755
3138	52756
3139	52757
3140	52758
3141	52759
3142	52760
3143	52761
3144	52762
3145	52763
3146	52764
3147	52765
3148	52766
3149	52767
3150	52768
3151	52769
3152	52770
3153	52771
3154	52772
3155	52773
3156	52774
3157	52775
3159	52776
3160	52777
3161	52778
3162	52779
3163	52780
3164	52781
3165	52782
3166	52783
3167	52784
3168	52785
3169	52786
3170	52787
3171	52788
3172	52789
3173	52790
3174	52791
3175	52792
3176	52793
3177	52794
3178	52795
3179	52796
3180	52797
3181	52798
3182	52799
3183	52800
3184	52801
3185	52802
3186	52803
3187	52804
3188	52805
3189	52806
3190	52807
3191	52808
3192	52809
3193	52810
3194	52811
3195	52812
3196	52813
3197	52814
3198	52815
3199	52816
3200	52817
3201	52818
3202	52819
3203	52820
3204	52821
3205	52822
3206	52823
3207	52824
3208	52825
3209	52826
3210	52827
3211	52828
3212	52829
3213	52830
3214	52831
3215	52832
3216	52833
3217	52834
3218	52835
3219	52836
3220	52837
3221	52838
3222	52839
3223	52840
3224	52841
3225	52842
3226	52843
3227	52844
3228	52845
3229	52846
3230	52847
3231	52848
3232	52849
3233	52850
3234	52851
3235	52852
3236	52853
3237	52854
3238	52855
3239	52856
3240	52857
3241	52858
3242	52859
3243	52860
3244	52861
3245	52862
3246	52863
3247	52864
3248	52865
3249	52866
3250	52867
3251	52868
3252	52869
3253	52870
3254	52871
3255	52872
3256	52873
3257	52874
3258	52875
3259	52876
3260	52877
3261	52878
3262	52879
3263	52880
3264	52881
3265	52882
3266	52883
3267	52884
3268	52885
3269	52886
3270	52887
3271	52888
3272	52889
3273	52890
3274	52891
3275	52892
3276	52893
3277	52894
3278	52895
3279	52896
3280	52897
3281	52898
3282	52899
3283	52900
3284	52901
3285	52902
3286	52903
3287	52904
3288	52905
3289	52906
3290	52907
3291	52908
3292	52909
3293	52910
3294	52911
3295	52912
3296	52913
3297	52914
3298	52915
3299	52916
3300	52917
3301	52918
3302	52919
3303	52920
3304	52921
3305	52922
3306	52923
3307	52924
3308	52925
3309	52926
3310	52927
3311	52928
3312	52929
3313	52930
3314	52931
3315	52932
3316	52933
3317	52934
3318	52935
3319	52936
3320	52937
3321	52938
3322	52939
3323	52940
3324	52941
3325	52942
3326	52943
3327	52944
3328	52945
3330	52946
3331	52947
3332	52948
3333	52949
3334	52950
3335	52951
3336	52952
3337	52953
3338	52954
3339	52955
3340	52956
3341	52957
3342	52958
3343	52959
3344	52960
3345	52961
3346	52962
3347	52963
3348	52964
3349	52965
3350	52966
3351	52967
3352	52968
3353	52969
3354	52970
3355	52971
3356	52972
3357	52973
3358	52974
3359	52975
3361	52976
3362	52977
3363	52978
3364	52979
3365	52980
3366	52981
3367	52982
3368	52983
3369	52984
3370	52985
3371	52986
3372	52987
3373	52988
3374	52989
3376	52990
3377	52991
3378	52992
3379	52993
3380	52994
3381	52995
3382	52996
3383	52997
3384	52998
3385	52999
3386	53000
3387	53001
3388	53002
3389	53003
3390	53004
3391	53005
3392	53006
3393	53007
3394	53008
3395	53009
3396	53010
3397	53011
3398	53012
3399	53013
3400	53014
3401	53015
3402	53016
3403	53017
3404	53018
3405	53019
3406	53020
3407	53021
3408	53022
3409	53023
3410	53024
3411	53025
3412	53026
3413	53027
3414	53028
3415	53029
3416	53030
3417	53031
3418	53032
3419	53033
3420	53034
3421	53035
3422	53036
3423	53037
3424	53038
3425	53039
3426	53040
3427	53041
3428	53042
3429	53043
3430	53044
3431	53045
3432	53046
3433	53047
3434	53048
3435	53049
3436	53050
3437	53051
3438	53052
3439	53053
3440	53054
3441	53055
3442	53056
3443	53057
3444	53058
3445	53059
3446	53060
3447	53061
3448	53062
3449	53063
3450	53064
3451	53065
3452	53066
3453	53067
3454	53068
3455	53069
3456	53070
3457	53071
3458	53072
3459	53074
3460	53075
3461	53076
3462	53077
3463	53078
3464	53079
3465	53080
3466	53081
3467	53082
3468	53083
3469	53084
3470	53085
3471	53086
3472	53087
3473	53088
3474	53089
3475	53090
3476	53091
3477	53092
3478	53093
3479	53094
3480	53095
3481	53096
3482	53097
3483	53098
3484	53099
3485	53100
3486	53101
3487	53102
3488	53103
3489	53104
3490	53105
3491	53106
3492	53107
3493	53108
3494	53109
3495	53110
3496	53111
3497	53112
3499	53113
3500	53114
3501	53115
3502	53116
3503	53117
3504	53118
3505	53119
3506	53120
3508	53121
3509	53122
3510	53123
3511	53124
3512	53125
3513	53126
3514	53127
3515	53128
3516	53129
3517	53130
3518	53131
3519	53132
3520	53133
3521	53134
3522	53135
3523	53136
3524	53137
3525	53138
3526	53139
3527	53140
3528	53141
3529	53142
3530	53143
3531	53144
3532	53145
3533	53146
3534	53147
3535	53148
3536	53149
3537	53150
3538	53151
3539	53152
3540	53153
3541	53154
3542	53155
3543	53156
3544	53157
3545	53158
3546	53159
3547	53160
3548	53161
3549	53162
3550	53163
3551	53164
3552	53165
3553	53166
3554	53167
3555	53168
3556	53169
3557	53170
3558	53171
3559	53172
3560	53173
3561	53174
3562	53175
3563	53176
3564	53177
3565	53178
3566	53179
3567	53180
3568	53181
3569	53182
3570	53183
3571	53184
3572	53185
3573	53186
3574	53187
3575	53188
3576	53189
3577	53190
3578	53191
3579	53192
3580	53193
3581	53194
3582	53195
3583	53196
3584	53197
3585	53198
3586	53199
3587	53200
3588	53201
3589	53202
3590	53203
3591	53204
3592	53205
3593	53206
3594	53207
3595	53208
3596	53209
3597	53210
3598	53211
3599	53212
3600	53213
3601	53214
3602	53215
3603	53216
3604	53217
3605	53218
3606	53219
3607	53220
3608	53221
3609	53222
3610	53223
3611	53224
3612	53225
3613	53226
3614	53227
3615	53228
3616	53229
3617	53230
3618	53231
3619	53232
3620	53233
3621	53234
3622	53235
3623	53236
3624	53237
3625	53238
3626	53239
3627	53240
3628	53241
3629	53242
3630	53243
3631	53244
3632	53245
3633	53246
3634	53247
3635	53248
3636	53249
3637	53250
3638	53251
3639	53252
3640	53253
3641	53254
3642	53255
3643	53256
3644	53257
3645	53258
3646	53259
3647	53260
3648	53261
3649	53262
3650	53263
3651	53264
3652	53265
3653	53266
3654	53267
3655	53268
3656	53269
3657	53270
3658	53271
3659	53272
3660	53273
3661	53274
3662	53275
3663	53276
3664	53277
3665	53278
3666	53279
3667	53280
3668	53281
3669	53282
3670	53283
3671	53284
3672	53285
3673	53286
3674	53287
3675	53288
3676	53289
3677	53290
3678	53291
3679	53292
3680	53293
3681	53294
3682	53295
3683	53296
3684	53297
3685	53298
3686	53299
3687	53300
3688	53301
3689	53302
3690	53303
3691	53304
3692	53305
3693	53306
3694	53307
3695	53308
3696	53309
3697	53310
3698	53311
3699	53312
3700	53313
3701	53314
3702	53315
3703	53316
3704	53317
3705	53318
3706	53319
3707	53320
3708	53321
3709	53322
3710	53323
3711	53324
3712	53325
3713	53326
3714	53327
3715	53328
3716	53329
3717	53330
3718	53331
3719	53332
3720	53333
3721	53334
3722	53335
3723	53336
3724	53337
3725	53338
3726	53339
3727	53340
3728	53341
3729	53342
3730	53343
3731	53344
3732	53345
3733	53346
3734	53347
3735	53348
3736	53349
3737	53350
3738	53351
3739	53352
3740	53353
3741	53354
3742	53355
3743	53356
3744	53357
3746	53358
3747	53359
3748	53360
3749	53361
3750	53362
3751	53363
3752	53364
3753	53365
3754	53366
3755	53367
3756	53368
3757	53369
3758	53370
3759	53371
3760	53372
3761	53373
3762	53374
3763	53375
3764	53376
3765	53377
3766	53378
3767	53379
3768	53380
3769	53381
3770	53382
3771	53383
3772	53384
3773	53385
3774	53386
3775	53387
3776	53388
3777	53389
3778	53390
3779	53391
3780	53392
3781	53393
3782	53394
3783	53395
3784	53396
3785	53397
3786	53398
3787	53399
3788	53400
3789	53401
3790	53402
3791	53403
3792	53404
3793	53405
3794	53406
3795	53407
3796	53408
3797	53409
3798	53410
3799	53411
3800	53412
3801	53413
3802	53414
3803	53415
3804	53416
3805	53417
3806	53418
3807	53419
3808	53420
3809	53421
3811	53422
3813	53423
3814	53424
3815	53425
3816	53426
3817	53427
3818	53428
3819	53429
3820	53430
3821	53431
3822	53432
3823	53433
3824	53434
3825	53435
3826	53436
3827	53437
3828	53438
3829	53439
3830	53440
3831	53441
3832	53442
3833	53443
3834	53444
3835	53445
3836	53446
3837	53447
3838	53448
3839	53449
3840	53450
3841	53451
3842	53452
3843	53453
3844	53454
3845	53455
3846	53456
3847	53457
3848	53458
3849	53459
3850	53460
3851	53461
3852	53462
3853	53463
3854	53464
3855	53465
3856	53466
3857	53467
3858	53468
3859	53469
3860	53470
3861	53471
3862	53472
3863	53473
3864	53474
3865	53475
3866	53476
3867	53477
3868	53478
3869	53479
3870	53480
3871	53481
3872	53482
3873	53483
3874	53484
3875	53485
3876	53486
3877	53487
3878	53488
3879	53489
3880	53490
3881	53491
3882	53492
3883	53493
3884	53494
3885	53495
3886	53496
3887	53497
3888	53498
3889	53499
3890	53500
3891	53501
3892	53502
3893	53503
3894	53504
3895	53505
3896	53506
3897	53507
3898	53508
3899	53509
3900	53510
3901	53511
3902	53512
3903	53513
3904	53514
3905	53515
3906	53516
3907	53517
3908	53518
3909	53519
3910	53520
3911	53521
3912	53522
3913	53523
3914	53524
3915	53525
3916	53526
3917	53527
3918	53528
3919	53529
3920	53530
3921	53531
3922	53532
3923	53533
3924	53534
3925	53535
3926	53536
3927	53537
3928	53538
3929	53539
3930	53540
3931	53541
3932	53542
3933	53543
3934	53544
3935	53545
3936	53546
3937	53547
3938	53548
3939	53549
3940	53550
3941	53551
3942	53552
3943	53553
3944	53554
3945	53555
3946	53556
3947	53557
3948	53558
3949	53559
3950	53560
3951	53561
3952	53562
3953	53563
3954	53564
3955	53565
3956	53566
3957	53567
3958	53568
3959	53569
3960	53570
3961	53571
3963	53572
3964	53573
3965	53574
3966	53575
3967	53576
3968	53577
3969	53578
3970	53579
3971	53580
3972	53581
3973	53582
3974	53583
3975	53584
3976	53585
3977	53586
3978	53587
3979	53588
3980	53589
3981	53590
3982	53591
3983	53592
3984	53593
3985	53594
3986	53595
3987	53596
3988	53597
3989	53598
3990	53599
3991	53600
3992	53601
3993	53602
3994	53603
3995	53604
3996	53605
3997	53606
3998	53607
3999	53608
4000	53609
4001	53610
4002	53611
4003	53612
4004	53613
4005	53614
4006	53615
4007	53616
4008	53617
4009	53618
4010	53619
4011	53620
4012	53621
4013	53622
4014	53623
4015	53624
4016	53625
4017	53626
4018	53627
4019	53628
4020	53629
4021	53630
4022	53631
4023	53632
4024	53633
4025	53634
4026	53635
4027	53636
4028	53637
4029	53638
4030	53639
4031	53640
4032	53641
4033	53642
4034	53643
4035	53644
4036	53645
4037	53646
4038	53647
4039	53648
4040	53649
4041	53650
4042	53651
4043	53652
4044	53653
4045	53654
4046	53655
4047	53656
4048	53657
4049	53658
4050	53659
4051	53660
4052	53661
4053	53662
4054	53663
4055	53664
4056	53665
4058	53666
4059	53667
4060	53668
4061	53669
4062	53670
4063	53671
4064	53672
4065	53673
4066	53674
4067	53675
4068	53676
4069	53677
4070	53678
4071	53679
4072	53680
4073	53681
4074	53682
4075	53683
4076	53684
4077	53685
4078	53686
4079	53687
4080	53688
4081	53689
4082	53690
4083	53691
4084	53692
4085	53693
4086	53694
4087	53695
4088	53696
4089	53697
4090	53698
4091	53699
4092	53700
4093	53701
4094	53702
4095	53703
4096	53704
4097	53705
4098	53706
4099	53707
4100	53708
4101	53709
4102	53710
4103	53711
4104	53712
4105	53713
4106	53714
4107	53715
4108	53716
4109	53717
4110	53718
4111	53719
4112	53720
4113	53721
4114	53722
4115	53723
4116	53724
4117	53725
4118	53726
4119	53727
4120	53728
4121	53729
4122	53730
4123	53731
4124	53732
4125	53733
4126	53734
4127	53735
4128	53736
4129	53737
4130	53738
4131	53739
4132	53740
4133	53741
4134	53742
4135	53743
4136	53744
4137	53745
4138	53746
4139	53747
4140	53748
4141	53749
4142	53750
4143	53751
4144	53752
4145	53753
4146	53754
4147	53755
4148	53756
4149	53757
4150	53758
4151	53759
4152	53760
4153	53761
4154	53762
4155	53763
4156	53764
4157	53765
4158	53766
4159	53767
4160	53768
4161	53769
4162	53770
4163	53771
4164	53772
4165	53773
4166	53774
4167	53775
4168	53776
4169	53777
4170	53778
4171	53779
4172	53780
4173	53781
4174	53782
4175	53783
4176	53784
4177	53785
4178	53786
4179	53787
4180	53788
4181	53789
4182	53790
4183	53791
4184	53792
4185	53793
4186	53794
4187	53795
4188	53796
4189	53797
4190	53798
4191	53799
4192	53800
4193	53801
4194	53802
4195	53803
4196	53804
4197	53805
4198	53806
4199	53807
4200	53808
4201	53809
4202	53810
4203	53811
4204	53812
4205	53813
4206	53814
4207	53815
4208	53816
4209	53817
4210	53818
4211	53819
4212	53820
4213	53821
4214	53822
4215	53823
4216	53824
4217	53825
4218	53826
4219	53827
4220	53828
4221	53829
4222	53830
4223	53831
4224	53832
4225	53833
4226	53834
4227	53835
4228	53836
4229	53837
4230	53838
4231	53839
4232	53840
4233	53841
4234	53842
4235	53843
4236	53844
4237	53845
4238	53846
4239	53847
4240	53848
4241	53849
4242	53850
4243	53851
4244	53852
4245	53853
4246	53854
4247	53855
4248	53856
4249	53857
4250	53858
4251	53859
4252	53860
4253	53861
4254	53862
4255	53863
4256	53864
4257	53865
4258	53866
4259	53867
4260	53868
4261	53869
4262	53870
4263	53871
4264	53872
4265	53873
4266	53874
4267	53875
4268	53876
4269	53877
4270	53878
4271	53879
4272	53880
4273	53881
4274	53882
4275	53883
4276	53884
4277	53885
4278	53886
4279	53887
4280	53888
4281	53889
4282	53890
4283	53891
4284	53892
4285	53893
4286	53894
4287	53895
4288	53896
4289	53897
4290	53898
4291	53899
4292	53900
4293	53901
4294	53902
4295	53903
4296	53904
4297	53905
4298	53906
4299	53907
4300	53908
4301	53909
4302	53910
4303	53911
4304	53912
4305	53913
4306	53914
4307	53915
4308	53916
4309	53917
4310	53918
4311	53919
4312	53920
4313	53921
4314	53922
4315	53923
4316	53924
4317	53925
4318	53926
4319	53927
4320	53928
4321	53929
4322	53930
4323	53931
4324	53932
4325	53933
4326	53934
4327	53935
4328	53936
4329	53937
4330	53938
4331	53939
4332	53940
4333	53941
4334	53942
4335	53943
4336	53944
4337	53945
4338	53946
4339	53947
4340	53948
4341	53949
4342	53950
4343	53951
4344	53952
4345	53953
4346	53954
4347	53955
4348	53956
4349	53957
4350	53958
4351	53959
4352	53960
4353	53961
4354	53962
4355	53963
4356	53964
4357	53965
4358	53966
4359	53967
4360	53968
4361	53969
4362	53970
4363	53971
4364	53972
4365	53973
4366	53974
4367	53975
4368	53976
4369	53977
4370	53978
4371	53979
4372	53980
4373	53981
4374	53982
4375	53983
4376	53984
4377	53985
4378	53986
4379	53987
4380	53988
4381	53989
4382	53990
4383	53991
4384	53992
4385	53993
4386	53994
4387	53995
4388	53996
4389	53997
4390	53998
4391	53999
4392	54000
4393	54001
4394	54002
4395	54003
4396	54004
4397	54005
4398	54006
4399	54007
4400	54008
4401	54009
4402	54010
4403	54011
4404	54012
4405	54013
4406	54014
4407	54015
4408	54016
4409	54017
4410	54018
4411	54019
4412	54020
4413	54021
4414	54022
4415	54023
4416	54024
4417	54025
4418	54026
4419	54027
4420	54028
4421	54029
4422	54030
4423	54031
4424	54032
4425	54033
4426	54034
4427	54035
4428	54036
4429	54037
4430	54038
4431	54039
4432	54040
4433	54041
4434	54042
4435	54043
4436	54044
4437	54045
4438	54046
4439	54047
4440	54048
4441	54049
4442	54050
4443	54051
4444	54052
4445	54053
4446	54054
4447	54055
4448	54056
4449	54057
4450	54058
4451	54059
4452	54060
4453	54061
4454	54062
4455	54063
4456	54064
4457	54065
4458	54066
4459	54067
4460	54068
4461	54069
4462	54070
4463	54071
4464	54072
4465	54073
4466	54074
4467	54075
4468	54076
4469	54077
4470	54078
4471	54079
4472	54080
4473	54081
4474	54082
4475	54083
4476	54084
4477	54085
4478	54086
4479	54087
4480	54088
4481	54089
4482	54090
4483	54091
4484	54092
4485	54093
4486	54094
4487	54095
4488	54096
4489	54097
4490	54098
4491	54099
4492	54100
4493	54101
4494	54102
4495	54103
4496	54104
4497	54105
4498	54106
4499	54107
4500	54108
4501	54109
4502	54110
4503	54111
4504	54112
4505	54113
4506	54114
4507	54115
4508	54116
4509	54117
4510	54118
4511	54119
4512	54120
4513	54121
4514	54122
4515	54123
4516	54124
4517	54125
4518	54126
4519	54127
4520	54128
4521	54129
4522	54130
4523	54131
4524	54132
4525	54133
4526	54134
4527	54135
4528	54136
4529	54137
4530	54138
4531	54139
4532	54140
4533	54141
4534	54142
4535	54143
4536	54144
4537	54145
4538	54146
4539	54147
4540	54148
4541	54149
4542	54150
4543	54151
4544	54152
4545	54153
4546	54154
4547	54155
4548	54156
4549	54157
4550	54158
4551	54159
4552	54160
4553	54161
4554	54162
4555	54163
4556	54164
4557	54165
4558	54166
4559	54167
4560	54168
4561	54169
4562	54170
4563	54171
4564	54172
4565	54173
4566	54174
4567	54175
4568	54176
4569	54177
4570	54178
4571	54179
4572	54180
4573	54181
4574	54182
4575	54183
4576	54184
4577	54185
4578	54186
4579	54187
4580	54188
4581	54189
4582	54190
4583	54191
4584	54192
4585	54193
4586	54194
4587	54195
4588	54196
4589	54197
4590	54198
4591	54199
4592	54200
4593	54201
4594	54202
4595	54203
4596	54204
4597	54205
4598	54206
4599	54207
4600	54208
4601	54209
4602	54210
4603	54211
4604	54212
4605	54213
4606	54214
4607	54215
4608	54216
4609	54217
4610	54218
4611	54219
4612	54220
4613	54221
4614	54222
4615	54223
4616	54224
4617	54225
4618	54226
4619	54227
4620	54228
4621	54229
4622	54230
4623	54231
4624	54232
4625	54233
4626	54234
4627	54235
4628	54236
4629	54237
4630	54238
4631	54239
4632	54240
4633	54241
4634	54242
4635	54243
4636	54244
4637	54245
4638	54246
4639	54247
4640	54248
4641	54249
4642	54250
4643	54251
4644	54252
4645	54253
4646	54254
4647	54255
4648	54256
4649	54257
4650	54258
4651	54259
4652	54260
4653	54261
4654	54262
4655	54263
4656	54264
4657	54265
4658	54266
4659	54267
4660	54268
4661	54269
4662	54270
4663	54271
4664	54272
4665	54273
4666	54274
4667	54275
4668	54276
4669	54277
4670	54278
4671	54279
4672	54280
4673	54281
4674	54282
4675	54283
4676	54284
4677	54285
4678	54286
4679	54287
4680	54288
4681	54289
4682	54290
4683	54291
4684	54292
4685	54293
4686	54294
4687	54295
4688	54296
4689	54297
4690	54298
4691	54299
4692	54300
4693	54301
4694	54302
4695	54303
4696	54304
4697	54305
4698	54306
4699	54307
4700	54308
4701	54309
4702	54310
4703	54311
4704	54312
4705	54313
4706	54314
4707	54315
4708	54316
4709	54317
4710	54318
4711	54319
4712	54320
4713	54321
4714	54322
4715	54323
4716	54324
4717	54325
4718	54326
4719	54327
4720	54328
4721	54329
4722	54330
4723	54331
4724	54332
4725	54333
4726	54334
4727	54335
4728	54336
4729	54337
4730	54338
4731	54339
4732	54340
4733	54341
4734	54342
4735	54343
4736	54344
4737	54345
4738	54346
4739	54347
4740	54348
4741	54349
4742	54350
4743	54351
4744	54352
4745	54353
4746	54354
4747	54355
4748	54356
4749	54357
4750	54358
4751	54359
4752	54360
4753	54361
4754	54362
4755	54363
4756	54364
4757	54365
4758	54366
4760	54367
4761	54368
4762	54369
4763	54370
4764	54371
4765	54372
4766	54373
4767	54374
4768	54375
4769	54376
4770	54377
4771	54378
4772	54379
4773	54380
4774	54381
4775	54382
4776	54383
4777	54384
4778	54385
4779	54386
4780	54387
4781	54388
4782	54389
4783	54390
4784	54391
4785	54392
4786	54393
4787	54394
4788	54395
4789	54396
4790	54397
4791	54398
4792	54399
4793	54400
4794	54401
4795	54402
4796	54403
4797	54404
4798	54405
4799	54406
4800	54407
4801	54408
4802	54409
4803	54410
4804	54411
4805	54412
4806	54413
4807	54414
4808	54415
4809	54416
4810	54417
4811	54418
4812	54419
4813	54420
4814	54421
4815	54422
4816	54423
4817	54424
4818	54425
4819	54426
4820	54427
4821	54428
4822	54429
4823	54430
4824	54431
4825	54432
4826	54433
4827	54434
4828	54435
4829	54436
4830	54437
4831	54438
4832	54439
4833	54440
4834	54441
4835	54442
4836	54443
4837	54444
4838	54445
4839	54446
4840	54447
4841	54448
4842	54449
4843	54450
4844	54451
4845	54452
4846	54453
4847	54454
4848	54455
4849	54456
4850	54457
4851	54458
4852	54459
4853	54460
4854	54461
4855	54462
4856	54463
4857	54464
4858	54465
4859	54466
4860	54467
4861	54468
4862	54469
4863	54470
4864	54471
4865	54472
4866	54473
4867	54474
4868	54475
4869	54476
4870	54477
4871	54478
4872	54479
4873	54480
4874	54481
4875	54482
4876	54483
4877	54484
4878	54485
4879	54486
4880	54487
4881	54488
4882	54489
4883	54490
4884	54491
4885	54492
4886	54493
4887	54494
4888	54495
4889	54496
4890	54497
4891	54498
4892	54499
4893	54500
4894	54501
4895	54502
4896	54503
4897	54504
4898	54505
4899	54506
4900	54507
4901	54508
4902	54509
4903	54510
4904	54511
4905	54512
4906	54513
4907	54514
4908	54515
4909	54516
4910	54517
4911	54518
4912	54519
4913	54520
4914	54521
4915	54522
4916	54523
4917	54524
4918	54525
4919	54526
4920	54527
4921	54528
4922	54529
4923	54530
4924	54531
4925	54532
4926	54533
4927	54534
4928	54535
4929	54536
4930	54537
4931	54538
4932	54539
4933	54540
4934	54541
4935	54542
4936	54543
4937	54544
4938	54545
4939	54546
4940	54547
4941	54548
4942	54549
4943	54550
4944	54551
4945	54552
4946	54553
4947	54554
4948	54555
4949	54556
4950	54557
4951	54558
4952	54559
4953	54560
4954	54561
4955	54562
4956	54563
4957	54564
4958	54565
4959	54566
4960	54567
4961	54568
4962	54569
4963	54570
4964	54571
4965	54572
4966	54573
4967	54574
4968	54575
4969	54576
4970	54577
4971	54578
4972	54579
4973	54580
4974	54581
4975	54582
4976	54583
4977	54584
4978	54585
4979	54586
4980	54587
4981	54588
4982	54589
4983	54590
4984	54591
4985	54592
4986	54593
4987	54594
4988	54595
4989	54596
4990	54597
4991	54598
4992	54599
4993	54600
4994	54601
4995	54602
4996	54603
4997	54604
4998	54605
4999	54606
5000	54607
5001	54608
5002	54609
5003	54610
5004	54611
5005	54612
5006	54613
5007	54614
5008	54615
5009	54616
5010	54617
5011	54618
5012	54619
5013	54620
5014	54621
5015	54622
5016	54623
5017	54624
5018	54625
5019	54626
5020	54627
5021	54628
5022	54629
