0	-inf
1	1
2	19
3	154
4	170
5	189
6	190
7	191
8	192
9	193
10	194
11	195
12	196
13	197
14	198
15	199
16	200
17	201
18	250
19	494
20	1013
21	1698
22	1775
23	1792
24	1793
25	1794
26	1795
27	1798
28	1800
29	1802
30	1805
31	1809
32	1810
33	1811
34	1813
35	1814
36	1815
37	1816
38	1817
39	1818
40	1820
41	1821
42	1822
43	1823
44	1827
45	1828
46	1829
47	1830
48	1831
49	1832
50	1833
51	1834
52	1836
53	1837
54	1838
55	1840
56	1841
57	1842
58	1843
59	1844
60	1845
61	1846
62	1847
63	1848
64	1849
65	1850
66	1851
67	1852
68	1853
69	1854
70	1855
71	1856
72	1857
73	1858
74	1859
75	1860
76	1861
77	1862
78	1863
79	1864
80	1865
81	1866
82	1867
83	1868
84	1869
85	1870
86	1871
87	1872
88	1873
89	1874
90	1875
91	1876
92	1877
93	1878
94	1879
95	1880
96	1881
97	1882
98	1883
99	1884
100	1885
101	1886
102	1887
103	1888
104	1889
105	1890
106	1891
107	1892
108	1893
109	1894
110	1895
111	1896
112	1897
113	1898
114	1899
115	1900
116	1901
117	1902
118	1903
119	1904
120	1905
121	1906
122	1907
123	1908
124	1909
125	1910
126	1911
127	1912
128	1913
129	1914
130	1915
131	1916
132	1917
133	1918
134	1919
135	1920
136	1921
137	1922
138	1923
139	1924
140	1925
141	1926
142	1927
143	1928
144	1929
145	1930
146	1931
147	1932
148	1933
149	1934
150	1935
151	1936
152	1937
153	1938
154	1939
155	1940
156	1941
157	1942
158	1943
159	1944
160	1945
161	1946
162	1947
163	1948
164	1949
165	1950
166	1951
167	1952
168	1953
169	1954
170	1955
171	1956
172	1957
173	1958
174	1959
175	1960
176	1961
177	1962
178	1963
179	1964
180	1965
181	1966
182	1967
183	1968
184	1969
185	1970
186	1971
187	1972
188	1973
189	1974
190	1975
191	1976
192	1977
193	1978
194	1979
195	1980
196	1981
197	1982
198	1983
199	1984
200	1985
201	1986
202	1987
203	1988
204	1989
205	1990
206	1991
207	1992
208	1993
209	1994
210	1995
211	1996
212	1997
213	1998
214	1999
215	2000
216	2001
217	2002
218	2003
219	2004
220	2005
221	2006
222	2007
223	2008
224	2009
225	2010
226	2011
227	2012
228	2013
229	2014
230	2015
231	2016
232	2017
233	2018
234	2019
235	2020
236	2022
237	2023
238	2036
239	2104
240	2106
241	2808
242	2902
243	19311
244	19433
